4.7811263530380366e-5	-0.9999999974771857	-5.253295753625389e-5
4.732031400347424e-5	-0.9999999974758679	-5.3000492449360336e-5
4.7322277308410235e-5	-0.9999999988782308	-2.0348463172640593e-6
0.00011384054522649722	-0.9999999916409481	6.130606725871295e-5
0.00011383457063977395	-0.9999999934890456	7.974928654535801e-6
9.464180072280503e-5	-0.9999999954683917	-1.0302727223989312e-5
9.464223454967662e-5	-0.9999999952317076	-2.4071397125199692e-5
0.0001416570369889796	-0.9999999897524112	2.0699308709006556e-5
0.0001416570368142955	-0.9999999885192634	5.380294691139993e-5
9.899318256782743e-5	-0.9999999950133965	1.3174089325128355e-5
9.898584747149289e-5	-0.9999999935027846	-5.6535234432812864e-5
0.00011823588443560495	-0.9999999922803166	-3.82052718459335e-5
0.00011823588395888841	-0.9999999882484059	9.758823644930046e-5
4.0598365143366234e-5	-0.9999999988965498	2.363627056530922e-5
4.0602410209680773e-5	-0.9999999950232691	-9.113125757535597e-5
2.4430344437013584e-5	-0.9999999940271097	-0.00010653139884045842
2.4430344574330205e-5	-0.9999999996478498	-1.0366228479531312e-5
6.57310262730296e-5	-0.9999999974200899	2.8969848895317972e-5
6.57310262609705e-5	-0.9999999972366287	3.473002829352775e-5
6.263223364807919e-6	-0.9999999997405534	-2.190125617825393e-5
6.270499656258099e-6	-0.9999999988803584	4.690377422819478e-5
3.499957755145598e-7	-0.9999999991485271	4.1265277406449475e-5
3.4999577572131363e-7	-0.9999999997392581	2.2833336449173016e-5
-0.00011105183987788106	-0.9999999903671528	-8.32657384943433e-5
-0.00011105010835272136	-0.9999999932515216	-3.412960901892444e-5
-6.092197871405357e-6	-0.9999999978147194	6.582891810544353e-5
-6.091050116820794e-6	-0.999999999428151	3.3265554901181795e-5
-1.1866306189869703e-5	-0.9999999995441421	2.7765202760710107e-5
-1.1857957248847763e-5	-0.9999999958189203	-9.06727535856558e-5
3.766057948080092e-5	-0.9999999983445711	-4.3503318224276384e-5
3.7660579414424916e-5	-0.9999999965820914	7.360365381350231e-5
-3.191901288118064e-5	-0.9999999994636951	7.333913952692047e-6
-3.190616113173747e-5	-0.9999999928268661	-0.00011544810268916615
0.0001207325561749731	-0.9999999922645211	2.9909993497644204e-5
0.00012074543272327846	-0.9999999812068975	0.000151679745697752
-1.9564689278097623e-5	-0.999999999645409	1.80666765370758e-5
-1.9568699531247398e-5	-0.9999999948819838	-9.926277332557327e-5
6.121657717487105e-5	-0.9999999978768764	-2.2333332600463563e-5
6.121447584945061e-5	-0.9999999967181751	-5.3070122081250055e-5
1.8517841575371747e-5	-0.999999995435746	-9.373151696949856e-5
-5.589727516687889e-5	-0.999999994045417	-9.37265208697063e-5
-1.6494907913358742e-6	-0.9999999991137799	-4.206803038487035e-5
0.00011056962923081473	-0.999999993002319	-4.206803012777323e-5
8.799704066428077e-5	-0.9999999941078435	-6.35675538826618e-5
-0.00010587285809267572	-0.9999999923754656	-6.356104590062926e-5
-3.6612685250104884e-5	-0.9999999993268807	2.397885227897941e-6
-3.0170203952504822e-5	-0.9999999995420034	2.3983145488847774e-6
-4.49367090170481e-5	-0.9999999989222951	-1.1666282595788731e-5
5.215476101810229e-6	-0.9999999999183483	-1.166628260740897e-5
7.280109409786239e-5	-0.9999999959613551	5.270000525886973e-5
8.080873545488138e-6	-0.9999999985787045	5.270000539680405e-5
-1.0326183929133552e-5	-0.9999999993283121	3.5167395260379505e-5
-8.67921245004515e-5	-0.9999999948290375	-5.300049230907702e-5
-4.798174529206416e-5	-0.999999998720335	-1.603378217741229e-5
-4.7984723881566986e-5	-0.9999999969698492	6.13006350192729e-5
-8.896446807082975e-5	-0.9999999957947759	2.226592359019227e-5
-8.8960820813305e-5	-0.9999999959899766	-1.0296564078516804e-5
-6.0234262860128046e-5	-0.9999999980403046	1.7065298212287817e-5
-6.0234364744416114e-5	-0.9999999979716799	2.0699308879139733e-5
-0.00011556253590462412	-0.9999999928108132	-3.1994904796790624e-5
-0.00011556411541705496	-0.9999999932358761	1.3159901523333076e-5
-0.00010663325564876006	-0.9999999940799366	2.1667390387242197e-5
-0.00010662906837281495	-0.9999999935858673	-3.819040449659404e-5
-3.002939332638078e-5	-0.9999999989447919	3.476567469275065e-5
-3.002939333614169e-5	-0.9999999992698372	2.363389948919547e-5
-4.70379085931899e-5	-0.9999999988660903	7.433335598821803e-6
-4.702993595624271e-5	-0.9999999932201341	-0.00010652660116722585
1.7479059355736483e-6	-0.9999999981942294	-6.007067630809077e-5
1.751044392330954e-6	-0.9999999995789031	2.89677011202471e-5
-4.829602996042259e-5	-0.9999999986589552	-1.8697142904175344e-5
-4.829580396466845e-5	-0.999999998593885	-2.1903087786430452e-5
-3.9266889909273204e-5	-0.9999999991405816	-1.3302191650778678e-5
-3.9270736432724374e-5	-0.999999998377493	4.126527737463253e-5
2.872219393432375e-5	-0.9999999939667387	0.00010602621447826488
2.8742209758556594e-5	-0.9999999961199603	-8.327043192433e-5
-4.825828152741777e-6	-0.9999999933476585	-0.00011524493134121447
-4.832210500638784e-6	-0.9999999978216016	6.582891810589657e-5
1.6310247035364934e-5	-0.9999999961720555	8.596432300230515e-5
1.6310247089343782e-5	-0.9999999994815609	2.776425695429e-5
-7.061063649316437e-5	-0.999999995994139	-5.500781769029267e-5
-7.060862238194921e-5	-0.9999999965606255	-4.3510588173282304e-5
5.9043038523330654e-5	-0.9999999950600491	7.996137489699834e-5
5.904559881365343e-5	-0.9999999982299379	7.3308605270390805e-6
7.97386868807642e-5	-0.9999999964553734	2.703692168236367e-5
7.973888923929619e-5	-0.999999996373632	2.9907282879080454e-5
-1.57517737555911e-5	-0.9999999980133178	-6.1034790321700064e-5
-1.5749070176401675e-5	-0.9999999997127833	1.8066552336237748e-5
-6.141985014632294e-5	-0.9999999977905634	-2.5425878115842953e-5
-6.142006154361162e-5	-0.9999999978643992	-2.23333326001849e-5
-5.589449161770426e-5	-0.9999999982922061	-1.7070250502327534e-5
1.6904065084124677e-5	-0.9999999997114712	-1.706780648369795e-5
0.00011056157899063757	-0.9999999912872422	7.212248574178703e-5
4.4157561543740704e-5	-0.99999999642407	7.212468125739039e-5
-0.00010587285804142053	-0.9999999918913451	-7.076897311218795e-5
3.4929334251621556e-5	-0.999999996885847	-7.076897346564372e-5
-3.0184353612889862e-5	-0.9999999907293354	-0.00013277889101315983
-8.499994208891954e-6	-0.9999999911486613	-0.00013277961907095837
5.2191690810975925e-6	-0.9999999928209268	-0.00011971176416275433
-7.822832483387391e-5	-0.9999999897743811	-0.00011971452290647018
8.087231931473815e-6	-0.9999999992641715	-3.7500051832039274e-5
9.926741495522008e-5	-0.999999994944449	-1.6033782116870567e-5
2.7224901867304164e-5	-0.999999996047637	-8.46376436289239e-5
2.723425881372118e-5	-0.9999999993812618	2.2265923670048685e-5
2.7339980673466394e-5	-0.9999999993761305	2.23665908535097e-5
2.7339350318339872e-5	-0.9999999994806184	1.7068193588698064e-5
9.905766969922355e-5	-0.9999999914503951	8.536268434087241e-5
9.905397173277853e-5	-0.9999999945820914	-3.200199994422443e-5
9.135137546366516e-5	-0.9999999950537762	-3.933666953526722e-5
9.135137551289888e-5	-0.9999999955927252	2.166739042002037e-5
5.250118873854433e-7	-0.9999999978980418	-6.483549016050212e-5
5.25011888171621e-7	-0.9999999993955011	3.4766684858739203e-5
-2.3694538714708287e-5	-0.9999999996508394	1.1699992165976632e-5
-2.3694837222059e-5	-0.9999999996916501	7.433335604958463e-6
1.6557420895383787e-5	-0.9999999988156768	4.576568923481722e-5
1.6553746721506374e-5	-0.9999999980587437	-6.0070676299952054e-5
0.00012239830823454552	-0.9999999916797797	4.073198414870526e-5
0.00012240246667218912	-0.9999999923339209	-1.8702785820471775e-5
0.0001373559696953283	-0.9999999905567114	-4.462571772394543e-6
0.00013735503545872239	-0.9999999904784006	-1.3296351897308518e-5
5.620963769005025e-5	-0.9999999943189097	-9.05685214307776e-5
5.621656748549973e-5	-0.9999999927990696	0.00010602621435446135
3.287256166084242e-5	-0.9999999959487132	8.379718445494093e-5
3.285852925802018e-5	-0.9999999928194615	-0.00011524493128034244
7.101578362789082e-5	-0.9999999943653564	-7.890529645659874e-5
7.102159523527133e-5	-0.9999999937828763	8.596615935889741e-5
4.4791144423099595e-6	-0.9999999997346435	2.259757522140175e-5
4.481849713444958e-6	-0.999999998477163	-5.500533496847228e-5
-3.3509683658687963e-6	-0.9999999980433496	-6.246656574978088e-5
-3.370895533693316e-6	-0.9999999967974077	7.996137503591992e-5
-0.00011962977942999842	-0.9999999923706927	-3.077873262722314e-5
-0.00011962576599091126	-0.9999999924795214	2.703022881791561e-5
-2.0835927954203722e-5	-0.9999999924481598	0.00012111789437309633
-2.081666837727492e-5	-0.9999999979207206	-6.103462028536448e-5
-2.949266414112977e-5	-0.9999999971639137	-6.929902857049604e-5
-2.949880222164326e-5	-0.9999999992416186	-2.542800477239097e-5
1.6909041883502844e-5	-0.9999999996808696	1.87708569422126e-5
8.312913624662323e-5	-0.9999999963684769	1.877745929109666e-5
4.417012150912257e-5	-0.9999999988564444	-1.8333347982162317e-5
-7.245753235321674e-6	-0.9999999998056937	-1.8333347999565232e-5
3.493249964787695e-5	-0.9999999991514874	2.1834505363433878e-5
-0.00012403601378582603	-0.9999999920692774	2.182916874137478e-5
-8.509038790961982e-6	-0.9999999912711233	0.00013185351610409156
5.558726256912253e-5	-0.9999999897623534	0.00013185351590515494
-7.822408196373783e-5	-0.9999999969306517	4.437329903506201e-6
1.963868277448399e-5	-0.9999999962253958	-8.463764364396896e-5
0.00012571625365976382	-0.9999999919632245	1.6400440551847758e-5
0.00012571581514397468	-0.9999999918476347	2.2366590685122904e-5
1.3128600604738094e-5	-0.9999999963124767	-8.486864132921489e-5
1.3120850398954146e-5	-0.9999999962705276	8.536268475233188e-5
-2.722993773225549e-5	-0.9999999985279254	4.693271297929405e-5
-2.7229039421616606e-5	-0.9999999988559137	-3.932876921888758e-5
6.6148337908637395e-6	-0.9999999999529167	-7.1000466819348025e-6
6.61079431519729e-6	-0.9999999978763283	-6.483549015909431e-5
0.00011179555795986868	-0.9999999931266961	3.533215534885289e-5
0.0001117955580219916	-0.9999999936823792	1.1704471793370164e-5
-1.5649097897464202e-5	-0.9999999938629589	-0.00010967765443282197
-1.5643618894618055e-5	-0.9999999988304389	4.576460830425673e-5
-7.702761673909952e-5	-0.9999999969528094	-1.2693599288697403e-5
-7.702947111625648e-5	-0.9999999962036831	4.073198433297282e-5
-7.213130481353108e-5	-0.9999999963680788	4.539732531995517e-5
-7.213655142211801e-5	-0.9999999973881708	-4.469498468370557e-6
-2.0649587754624226e-6	-0.9999999980592992	6.226666531238215e-5
-2.0649587709967717e-6	-0.9999999958967138	-9.056659497416132e-5
-2.2364546862895935e-5	-0.9999999937109915	-0.00010989924524810001
-2.2364546919432114e-5	-0.9999999962389295	8.379718447926022e-5
-0.00013865655326509272	-0.9999999900238771	-2.69556292520013e-5
-0.00013865472193737036	-0.9999999872744111	-7.890529589708559e-5
-3.489499382867997e-5	-0.9999999991925201	1.9932358578139056e-5
-3.4895087814415574e-5	-0.9999999991358114	2.259889684059332e-5
-2.9783599789618033e-5	-0.9999999991792621	2.7466580699482055e-5
-2.9793109965857222e-5	-0.999999997605204	-6.24656915264458e-5
3.360153470401659e-5	-0.9999999994332612	-2.101050156529516e-6
3.3599513656883766e-5	-0.9999999989621854	-3.0768521794543426e-5
0.00015526181246935746	-0.9999999843249997	8.511033983528154e-5
0.0001552593122650142	-0.9999999806132167	0.00012111198232705415
1.0325152312975383e-5	-0.9999999998038981	-1.689955397652972e-5
1.032515228965632e-5	-0.9999999975454267	-6.930034500220225e-5
8.312913626127856e-5	-0.9999999965447728	3.333358703460448e-8
7.000598848200267e-6	-0.9999999999754953	3.333358714896277e-8
-7.245583994261414e-6	-0.9999999998821941	-1.3531940317333797e-5
-2.3483232632629877e-5	-0.9999999996327268	-1.3530858471322608e-5
-0.00012404525689155605	-0.9999999863331901	-0.00010929956066947595
-7.226792576178435e-5	-0.9999999914152893	-0.00010930127307774397
5.5583182389821616e-5	-0.9999999983774913	1.2471056153656982e-5
-1.7359413404528032e-5	-0.9999999997148381	1.6400440678977635e-5
-3.583796205069236e-5	-0.9999999993571047	-1.1962733198705834e-6
-3.5832979721341176e-5	-0.9999999957566557	-8.486864128204311e-5
2.8174250873862237e-5	-0.9999999993174733	-2.390114936600641e-5
2.8177721747166953e-5	-0.9999999985016682	4.693271297806173e-5
2.0863140638148747e-5	-0.9999999989836854	3.996696715095487e-5
2.086067715369514e-5	-0.9999999997572107	-7.1000466805452806e-6
-5.761658948967713e-5	-0.9999999949918189	-8.183331176843466e-5
-5.760839244599701e-5	-0.9999999977164559	3.533215551101899e-5
-6.55187140197579e-5	-0.9999999974672462	2.779938198795117e-5
-6.551871365100605e-5	-0.9999999918390551	-0.00010967765421084496
4.5663720872739296e-7	-0.999999998903069	-4.683645360211764e-5
4.554339542377118e-7	-0.999999999919267	-1.2698761508319087e-5
-1.2078620666367387e-5	-0.9999999996236227	-2.4634560923522293e-5
-1.207125138876537e-5	-0.9999999988964107	4.540334401801792e-5
4.0972655492143576e-5	-0.99999999456007	9.592237169230447e-5
4.0976196301753703e-5	-0.9999999972219069	6.226666526024052e-5
1.0745161819152195e-5	-0.9999999993821256	3.3470737002015294e-5
1.0745161760280544e-5	-0.9999999939032266	-0.00010990035674015821
4.7009386732213016e-5	-0.999999996055137	-7.536473634177212e-5
4.700597515849448e-5	-0.9999999985315827	-2.6967999353643825e-5
0.00014926043455094744	-0.999999986381715	7.041230463447966e-5
0.00014925865580272415	-0.9999999886620327	1.9944629358142557e-5
8.007294631614367e-7	-0.9999999926256592	-0.00012144150995073517
8.059782668841916e-7	-0.9999999996224405	2.7467607617949604e-5
7.044696589718685e-5	-0.9999999931199834	9.379369851529944e-5
7.045372631579772e-5	-0.9999999975159264	-2.102287214576135e-6
4.427534393355282e-5	-0.9999999986544137	-2.703454227506844e-5
4.4283129605222234e-5	-0.9999999953982465	8.510294626291797e-5
-8.426981212572563e-5	-0.9999999957528057	-3.732274175800591e-5
-8.427125223258469e-5	-0.9999999963064871	-1.689325137782569e-5
7.0080023183113225e-6	-0.9999999975225673	7.004108324870498e-5
-2.1483663189741073e-5	-0.9999999973165484	7.003824259254833e-5
-2.3486110824826846e-5	-0.9999999974032817	6.813104485485518e-5
2.099717648804313e-5	-0.9999999974586395	6.813104485862678e-5
-7.227104912344679e-5	-0.9999999971742523	-2.0697608863086958e-5
-8.119501605868525e-6	-0.9999999999663179	-1.1990503748949742e-6
-5.005150064628533e-6	-0.9999999999859137	1.7666347190243878e-6
-5.006587893770315e-6	-0.9999999997017817	-2.3903360496025715e-5
-6.547110658699762e-5	-0.9999999945361334	-8.149397151818655e-5
-6.548300851482644e-5	-0.9999999970574245	3.996406852019869e-5
-4.651364075537308e-5	-0.9999999972342737	5.8033904040286314e-5
-4.651464907180422e-5	-0.9999999955698178	-8.183368450922263e-5
5.134577146186258e-5	-0.9999999986172032	1.136685572927921e-5
5.134577144534503e-5	-0.9999999982955105	2.7795518774265378e-5
-6.755159202308456e-5	-0.9999999940698366	-8.542311699639223e-5
-6.755025273493575e-5	-0.999999996621655	-4.6836453495264294e-5
3.50735452051693e-5	-0.9999999980892252	5.090575412601957e-5
3.507088253234481e-5	-0.9999999990816242	-2.4633002061806386e-5
6.12509223713678e-5	-0.9999999981241173	2.9999452276380483e-7
6.125092208958651e-5	-0.9999999935236759	9.59217012461741e-5
9.590143809399345e-6	-0.9999999988622459	4.672833679693699e-5
9.590143814497721e-6	-0.999999999393872	3.347066003579415e-5
-0.00012546475176996373	-0.9999999876003474	-9.517300585879708e-5
-0.00012546545054664256	-0.9999999892901545	-7.53532445971904e-5
-3.790500675647022e-5	-0.9999999992493358	8.033602091582164e-6
-3.790061005237898e-5	-0.9999999968037034	7.039983440063882e-5
-4.066917764449672e-5	-0.9999999968770936	6.77630470435814e-5
-4.0669177437981246e-5	-0.9999999917991579	-0.0001214401176396564
2.6112426068800406e-5	-0.9999999979866109	-5.7835276582542016e-5
2.6107081329082797e-5	-0.9999999952605811	9.379369871607401e-5
-2.0516227874791098e-7	-0.9999999976376851	6.873563707456743e-5
-2.11914100703602e-7	-0.9999999996345038	-2.7036035858169834e-5
3.654027803842907e-5	-0.9999999993006701	7.966665235054208e-6
3.654182629027667e-5	-0.9999999986355534	-3.733079047802868e-5
-2.150086185141866e-5	-0.9999999954815434	-9.259927666107025e-5
1.6528821559141618e-5	-0.9999999955759679	-9.260055330103193e-5
2.100269157698572e-5	-0.9999999958775367	-8.83391957942989e-5
-8.322687323396984e-5	-0.9999999965350832	1.766634712928031e-6
-6.856456268048791e-5	-0.9999999975257158	1.5731158065754884e-5
-6.8572052540975e-5	-0.99999999432832	-8.149376331202661e-5
3.0276229299658518e-5	-0.9999999994619042	1.2630966946276516e-5
3.027670824328616e-5	-0.9999999978572469	5.8041599115657084e-5
6.967979065297771e-5	-0.9999999930051741	9.557394329515583e-5
6.968422064172698e-5	-0.9999999975074519	1.1366855716664825e-5
4.6409722070069504e-5	-0.9999999988647394	-1.080086800925707e-5
4.6417553494529296e-5	-0.9999999952735023	-8.54307103607078e-5
0.00010342909190161246	-0.9999999941665372	-3.1134361859093495e-5
0.00010342909181770505	-0.9999999933552818	5.091030872403744e-5
8.948603832250168e-5	-0.9999999952881192	3.762991521749374e-5
8.949128142500399e-5	-0.9999999959956102	2.9999452212525475e-7
5.710353241860881e-6	-0.9999999968231483	-7.95053163042033e-5
5.701454722935326e-6	-0.999999998891972	4.672846534826619e-5
-7.594926325017709e-6	-0.999999999390928	3.406553982118573e-5
-7.594926295027471e-6	-0.999999995442208	-9.517300660513052e-5
5.334023055437878e-5	-0.9999999978879025	-3.7135088090281485e-5
5.3340230589435995e-5	-0.9999999985451404	8.033602085924939e-6
3.2830207770591146e-5	-0.99999999939496	-1.1500323811132945e-5
3.2821826118243485e-5	-0.9999999971652839	6.776547664628718e-5
-6.944038544741277e-5	-0.9999999971497513	-2.964000966546954e-5
-6.944137917350015e-5	-0.9999999959164878	-5.783527646281587e-5
4.7352175034576144e-5	-0.9999999974532263	5.3397740729182985e-5
4.7351634317590344e-5	-0.9999999965165077	6.873723350117718e-5
-7.671428642502164e-5	-0.9999999958355374	-4.943524237834104e-5
-7.671630970277783e-5	-0.99999999702557	7.966665216929234e-6
1.650879909111605e-5	-0.9999999951824755	9.676005635188708e-5
-0.00010467465755147413	-0.999999994521608	-6.921540739156695e-10
-0.0001046724773786966	-0.9999999945218362	1.384185962613043e-9
-0.00010467236430473593	-0.9999999939918767	-3.255676463527218e-5
3.417118821832105e-5	-0.9999999944472504	9.96886605434705e-5
3.4176127200675346e-5	-0.9999999988861773	3.2552079158945786e-5
0.0	-1.0	0.0
6.628119971451855e-9	-0.9999999950310409	-9.968910712508555e-5
7.049729528172969e-5	-0.9999999969852171	-3.255298814300686e-5
7.049733087849593e-5	-0.9999999969515686	-3.357065744909463e-5
0.0001057423992107909	-0.9999999944092726	-3.4959196457416654e-10
0.00010572484724295096	-0.9999999804973008	0.0001668162311728957
-0.00013990960519630105	-0.9999999879593148	-6.713175640531141e-5
-0.00013990967703424653	-0.9999999880940237	-6.509404619375009e-5
-3.524662391015332e-5	-0.999999998780706	3.458704143243386e-5
-3.5247843078913766e-5	-0.9999999993787948	-8.247420363595799e-10
-3.524845490309251e-5	-0.9999999993787733	-1.4074646442402258e-9
-3.524963797651071e-5	-0.9999999988153997	-3.356580852552248e-5
6.942973852150175e-5	-0.9999999954042801	6.611317003433543e-5
6.942973863409943e-5	-0.99999999702603	3.3577538853601876e-5
-1.147567550470805e-9	-0.9999999994700397	-3.25564218577814e-5
-2.3665426531342523e-9	-0.9999999977461994	-6.71386716437163e-5
0.00010467052455847512	-0.9999999939925897	3.254077255072271e-5
0.00010467041689116541	-0.9999999939586017	3.35693357341318e-5
3.5249076072537335e-5	-0.9999999988488804	-3.255367916593976e-5
3.5249076011762525e-5	-0.9999999971247269	-6.714200518396785e-5
3.5251333509015e-5	-0.9999999971247916	-6.713985504469405e-5
3.5239501193807884e-5	-0.9999999943079192	0.00010070918124420987
-3.524734419042706e-5	-0.9999999988153497	3.3569707311468635e-5
-3.524734419161531e-5	-0.9999999988490618	3.25499795194317e-5
2.330480938034943e-9	-0.9999999978142725	6.611698007436908e-5
-2.330637402325638e-9	-0.9999999978139791	-6.612141904916332e-5
-7.049987408618515e-5	-0.9999999886361355	-0.00013325725684359724
-7.049636119826367e-5	-0.9999999969514102	-3.357741452488197e-5
-3.524697721099268e-5	-0.9999999993788252	-1.7660387160609853e-9
-3.5244682423159956e-5	-0.9999999971252569	6.713641795590051e-5
-0.00010573943442566607	-0.999999994409586	1.425174281549347e-9
-0.00010573943447742065	-0.9999999944095861	0.0
-0.00010574019681209443	-0.9999999944095054	-7.260603113146013e-10
-0.00010574019681209443	-0.9999999944095054	0.0
-3.441832619949458e-9	-0.9999999949296294	0.00010070124635409958
7.04880784054447e-5	-0.9999999924453449	0.00010070124610392901
-0.0001057361026832778	-0.9999999921565637	-6.713232528990491e-5
-3.5243568409760965e-5	-0.9999999971252869	-6.713655643762817e-5
0.00010575897987275544	-0.9999999921526298	6.71548838545085e-5
7.0288614233833645e-9	-0.9999999977457499	6.71453661273485e-5
-0.00010573796271950175	-0.9999999938463388	-3.3567927339422414e-5
0.00010468028609442318	-0.9999999939575218	-3.3570730040853127e-5
-4.555258155372044e-9	-0.9999999911196819	-0.00013326903740903896
-6.942438958047234e-5	-0.9999999887099323	-0.00013326811017087936
7.04966648526703e-5	-0.99999999751511	3.065932997642322e-9
0.0	-1.0	0.0
-7.048575796759094e-5	-0.9999999952620267	-6.713944097534006e-5
0.00010467980072403624	-0.9999999945210696	-1.384282806332168e-9
7.049840178338446e-5	-0.9999999969851658	-3.255217030434095e-5
7.050534079410704e-5	-0.9999999925454881	9.96896213112842e-5
-0.00010467218381790727	-0.9999999922688676	-6.712673662577868e-5
-0.00010467101002917712	-0.9999999945219898	0.0
-3.417492694924144e-5	-0.9999999971620669	6.714119938596129e-5
-3.418400514066567e-5	-0.999999998885901	-3.255229602793384e-5
0.0	-1.0	0.0
0.0	-1.0	0.0
0.0	-1.0	0.0
2.3663722239983606e-9	-0.9999999977463507	-6.713641807643168e-5
0.000139938157028724	-0.9999999880218494	6.613329844789822e-5
0.00013993595030772045	-0.9999999896107115	3.459056078078132e-5
-6.90395192679064e-9	-0.9999999951314431	-9.867681463865734e-5
0.0	-1.0	0.0
3.524988289261129e-5	-0.9999999988152193	3.357092900541588e-5
3.525102993530279e-5	-0.9999999971931539	6.611396974523504e-5
2.259914372848053e-9	-0.9999999994702526	3.254988135305263e-5
-2.2603684799294485e-9	-0.9999999994700397	-3.255642192457828e-5
3.417733107537339e-5	-0.9999999994159551	-1.0255580703250137e-9
3.4172777364936207e-5	-0.9999999988865068	3.254546935224198e-5
-0.00010468619734212294	-0.9999999895502513	-9.970103953846945e-5
-0.00010467916979128591	-0.9999999939910514	-3.256022740974172e-5
-3.524822809931532e-5	-0.9999999988153949	3.356743182381049e-5
-3.52411291763036e-5	-0.9999999971253102	-6.713748865956793e-5
-1.1834031493920577e-9	-0.9999999994364364	-3.357271701860452e-5
1.1833634208120797e-9	-0.9999999994364741	3.357158993317956e-5
-3.524697714868859e-5	-0.9999999993788253	0.0
-3.5246977071646675e-5	-0.9999999971930515	6.611767920662735e-5
3.5138510425247437e-9	-0.9999999950312103	9.968740836622945e-5
-4.697244246356507e-9	-0.9999999911208742	-0.00013326008977510159
-9.394938085615694e-9	-0.999999991120278	-0.00013326456331698157
0.0	-1.0	0.0
3.5244764284683443e-5	-0.999999998815499	3.3567971519525085e-5
3.524709483072935e-5	-0.9999999993788211	-4.750664056873142e-10
3.52468548480655e-5	-0.9999999993788297	-7.036305849398268e-10
3.524685478140301e-5	-0.9999999993788297	2.4202094498740124e-10
7.049281106639215e-5	-0.9999999969518684	3.357121819574906e-5
2.366592431525749e-9	-0.9999999994365497	3.356933598121764e-5
-3.524586314972884e-5	-0.9999999993788645	2.349319698282834e-9
3.524635850340092e-5	-0.9999999993788471	-2.34935271617587e-9
-3.514316284602493e-9	-0.9999999994364741	-3.3571589963602176e-5
-3.525295755453095e-5	-0.9999999988150572	-3.357252902637295e-5
0.0001046754461254497	-0.9999999895528956	9.968580502669136e-5
7.047935956541955e-5	-0.9999999925477568	9.968523574177089e-5
-6.94243901578511e-5	-0.999999997026588	-3.357198055686049e-5
-3.525099456357612e-5	-0.9999999988151523	-3.357175464285167e-5
0.0	-1.0	0.0
-3.417395524799564e-5	-0.999999998886226	-3.255286248646836e-5
-3.524229825375203e-5	-0.9999999988155001	-3.357052704131406e-5
-3.5239596415739433e-5	-0.999999997125744	-6.71318308523475e-5
-2.1157453726044813e-9	-0.9999999994364673	-3.357179701598148e-5
4.231505006682991e-9	-0.9999999977458537	6.71438203272779e-5
3.4176580666919346e-5	-0.9999999944468653	9.969067631077545e-5
3.4179722033271814e-5	-0.9999999994158733	0.0
6.942302673167128e-5	-0.99999999702689	3.3565803573469574e-5
6.942537532233398e-5	-0.9999999975900585	-4.395851360491479e-9
3.4179615743418193e-5	-0.9999999988524227	-3.356945852234472e-5
3.418312990626364e-5	-0.9999999972293238	6.612765075262422e-5
-3.524882324672056e-5	-0.9999999993787602	-1.762770182886734e-9
-3.525577943400095e-5	-0.999999994509958	-9.867681457733118e-5
3.5247340916401056e-5	-0.9999999988815786	-3.1535183646850225e-5
3.524963580378292e-5	-0.999999998815228	3.357092900214849e-5
3.417287974670593e-5	-0.999999998886504	3.254545170797214e-5
3.417287923623796e-5	-0.9999999988863857	3.2549086249367806e-5
-3.4177497661665026e-5	-0.9999999988860847	-3.255348522103545e-5
-3.417864511975397e-5	-0.9999999994159101	1.025597500814004e-9
-0.00010468845575629457	-0.9999999922656747	-6.714892148700132e-5
-0.00010469301042904502	-0.9999999895495381	-9.970103956092515e-5
3.525242653877208e-5	-0.9999999988151096	3.3571520759189454e-5
3.52524262012141e-5	-0.9999999988152705	3.3566732630250964e-5
0.0	-1.0	0.0
-0.0	-0.9999999994364362	-3.3572716959460906e-5
3.52483301379396e-5	-0.9999999993787776	2.3499550169863546e-9
3.52483301379396e-5	-0.9999999993787776	0.0
1.1832381938969558e-9	-0.9999999994365498	-3.3569335941682096e-5
-3.51374090370211e-9	-0.9999999950312104	9.968740817947237e-5
-0.00010466807570918441	-0.9999999945222969	3.490112314276035e-9
-0.00010465868081162249	-0.999999985643929	-0.00013326178136324656
7.049572369718036e-5	-0.9999999969515164	3.3575585755525386e-5
7.049572397396477e-5	-0.9999999969517801	3.356773389819822e-5
-1.1833111317814734e-9	-0.999999999436512	-3.357046285221685e-5
0.0	-1.0	0.0
0.0	-1.0	0.0
0.0	-1.0	0.0
3.524399226536599e-5	-0.9999999988156427	3.3564496897754435e-5
3.524128918867902e-5	-0.9999999988157381	3.356449701486661e-5
-3.5252957877096815e-5	-0.9999999988149537	-3.3575610503237295e-5
3.524663655762457e-5	-0.9999999988152951	-3.357207802103688e-5
7.049320169299816e-5	-0.9999999975153543	-3.298306622439552e-9
3.4179361634114235e-5	-0.9999999994158857	-1.599218252556016e-9
-3.525321975697182e-5	-0.9999999971924688	-6.61231636324644e-5
3.417971083342124e-5	-0.9999999988523757	-3.357075877254091e-5
6.943096236297471e-5	-0.9999999975896707	2.317557726019375e-10
6.943013984532026e-5	-0.9999999970262959	-3.3568788311872845e-5
0.00010467246726634918	-0.9999999945218373	-3.1409121323399296e-9
0.00010466060704968147	-0.9999999895537057	9.969325923125187e-5
-3.417460052004643e-5	-0.9999999988862116	-3.255262323437701e-5
-3.418014423163135e-5	-0.999999998852423	3.356890922959397e-5
-6.942925923664876e-5	-0.999999997589789	-4.165221558224186e-9
-6.943160751302069e-5	-0.9999999970261833	-3.356911262118233e-5
3.524833123745492e-5	-0.9999999971930777	6.611656105510799e-5
3.524833131449719e-5	-0.9999999993787776	1.7627455816828432e-9
-3.417619451043655e-5	-0.9999999972296739	-6.612593913786819e-5
-3.417741379933836e-5	-0.9999999989187403	-3.153448845766442e-5
-3.585532824333948e-11	-0.9999999999994825	1.0172526041340218e-6
-1.147217044197058e-9	-0.9999999994703227	3.254772952561298e-5
-3.4180559390394386e-5	-0.9999999994158446	9.116022325064776e-10
-3.4182836986379245e-5	-0.9999999988859022	-3.2553485274496996e-5
-7.050065422441553e-5	-0.9999999952609266	-6.714018529390686e-5
-7.050065475995908e-5	-0.9999999952604165	-6.714778260600066e-5
0.0001046748149822753	-0.9999999895518767	9.969668713977831e-5
0.0001046771462044931	-0.9999999939577541	3.357360402913301e-5
-3.524746756718112e-5	-0.999999994409041	-9.969721288715311e-5
-3.5247467742352835e-5	-0.999999999378808	2.5846160463806544e-9
6.944393327206617e-5	-0.9999999926198652	9.968856475674792e-5
6.943339180205317e-5	-0.9999999975895021	4.629023467861018e-9
-3.52509815028203e-5	-0.9999999944093092	-9.969327876879866e-5
-3.5248650931734145e-5	-0.9999999988153399	-3.356863108729892e-5
0.00010468016012303871	-0.9999999895518945	9.969089835906489e-5
0.00010468016064320884	-0.999999994521032	-3.4905152812441612e-9
3.524808533861903e-5	-0.9999999971928956	-6.61194472690838e-5
3.524808539580192e-5	-0.9999999988151932	3.357358784627726e-5
3.5245915006682035e-5	-0.9999999988153392	3.357152056378635e-5
3.524828157091939e-5	-0.9999999988152873	-3.357058049309452e-5
-2.2950179749494522e-9	-0.99999999774575	-6.714536554061691e-5
-7.050262674562122e-5	-0.9999999952603451	-6.714677519460341e-5
3.5241289280516876e-5	-0.99999999881576	3.356384064135344e-5
7.04959306466628e-5	-0.9999999969519672	3.356172488219247e-5
3.525018684355623e-5	-0.9999999993787121	0.0
3.417995477283813e-5	-0.9999999994158654	0.0
3.417936156120554e-5	-0.9999999994158856	-5.649780081173441e-10
-0.0	-1.0	0.0
-3.4177032967702585e-5	-0.9999999988861779	-3.255110688836882e-5
-3.417828463386302e-5	-0.9999999994159224	1.0255895525581177e-9
-6.94301578937883e-5	-0.9999999970262001	-3.357161080973426e-5
-6.943009367282425e-5	-0.9999999970598983	-3.255250549465707e-5
3.4181128177090825e-5	-0.9999999972299127	6.611977826501014e-5
3.418043967847016e-5	-0.9999999994158488	2.0505634912979333e-9
-3.524734648620322e-5	-0.9999999971923209	-6.612853226083412e-5
-3.524734648622893e-5	-0.9999999971930504	6.61174999706294e-5
-0.0001399195109921716	-0.9999999896480091	-3.3563555997098226e-5
-0.00013992064110119118	-0.9999999880247638	-6.612629151287507e-5
3.416803891456492e-5	-0.9999999944478002	9.96842256522492e-5
3.41784193958858e-5	-0.9999999994154003	1.0174807693444945e-6
3.4180198924595446e-5	-0.9999999994153376	1.0191757978859777e-6
3.41801989246132e-5	-0.999999999415857	-9.115926188130469e-10
0.0	-0.9999999994702164	-3.2550990602029765e-5
-0.0	-0.9999999977460504	-6.714089144806457e-5
0.0001046835062262206	-0.999999993990633	3.255913776462228e-5
0.00010468587237230735	-0.9999999895507192	9.969668776639625e-5
0.0	-1.0	0.0
1.0435249117930394e-8	-0.9999999950302093	-9.96974483367802e-5
3.5142410800019032e-9	-0.9999999950295522	-9.970404121224396e-5
-3.513654821281932e-9	-0.9999999950312103	9.968740821432267e-5
-6.942558025421994e-5	-0.9999999970266399	3.3567979456449627e-5
-6.942088301918676e-5	-0.999999992621075	-9.96924812695306e-5
0.0001046673056943066	-0.9999999923364338	6.61202505734785e-5
0.00010466375556209744	-0.9999999895536116	9.969089781221462e-5
-3.4177379021595523e-5	-0.9999999988860876	-3.255351942258289e-5
-3.4176196051268935e-5	-0.9999999972304245	-6.611458791930488e-5
6.943683892187533e-5	-0.9999999970592744	3.255727989979197e-5
6.943694628643488e-5	-0.9999999970256973	3.3572546575162236e-5
-7.050492073635419e-5	-0.999999992545546	-9.968933796919275e-5
0.0	-0.9999999950308767	-9.969075471291318e-5
7.049593064901351e-5	-0.9999999969853125	-3.2553015494477024e-5
3.524939424892764e-5	-0.9999999988489059	-3.2552549444938646e-5
3.418113803194912e-5	-0.9999999988523521	-3.357001080030991e-5
-3.417874239168311e-5	-0.9999999988861195	-3.2551106854023636e-5
0.0	-1.0	0.0
-1.8780972166313834e-9	-0.9999999994365123	-3.357045434975762e-5
6.942786048740534e-5	-0.9999999970601317	3.255009500540952e-5
6.942715667463977e-5	-0.999999995403999	6.612013219303558e-5
-3.4182258388745586e-5	-0.9999999988859034	-3.255405451662312e-5
-3.418425764109171e-5	-0.9999999972292287	-6.612850387309024e-5
0.0	-0.9999999994365086	-3.357056530884087e-5
-0.0	-0.9999999994365874	-3.3568217592090106e-5
1.1652002921643463e-9	-0.9999999994366247	-3.356710794273099e-5
-3.4602908744133963e-9	-0.9999999950315389	9.968411274456428e-5
6.975000241120495e-9	-0.9999999950305481	9.969405115676263e-5
7.117825110469187e-11	-0.9999999999994824	1.0173545464619922e-6
-3.4177059043885376e-5	-0.9999999989187665	-3.153403975346586e-5
-3.4177023239211934e-5	-0.999999998886219	-3.254985201293312e-5
6.942878370703875e-5	-0.9999999954036783	6.612327291597567e-5
6.942878382202312e-5	-0.9999999970598268	3.255749254170338e-5
-6.942210870677263e-5	-0.9999999926208106	-9.969427995071151e-5
-6.942562311651172e-5	-0.9999999975900413	4.395720621337769e-9
-3.417857009406286e-5	-0.9999999988524958	3.356834251316268e-5
-3.418312517917716e-5	-0.999999994445241	-9.970472373273788e-5
7.049740833496846e-5	-0.9999999975150577	3.065965332068573e-9
7.04962251592387e-5	-0.9999999969517209	3.356844202982441e-5
-1.1833194268642058e-9	-0.999999999436512	-3.3570462863991315e-5
2.33062420556635e-9	-0.9999999978141257	6.611919957260792e-5
-6.94265868849515e-5	-0.9999999975899746	2.0833491644190083e-9
-6.942773435917546e-5	-0.9999999970600175	-3.2553873477869093e-5
6.942356410900449e-5	-0.9999999926212785	9.968857324496696e-5
6.942593063374003e-5	-0.9999999970600318	3.2557279426797225e-5
0.0	-0.9999999994364364	-3.3572716959460906e-5
-6.942873442226585e-5	-0.9999999970261533	-3.3575948369139075e-5
3.5242438181839424e-5	-0.999999997192902	6.612236016037002e-5
0.0	-1.0	0.0
-3.524687941775689e-5	-0.9999999988153918	-3.356894490261099e-5
-3.524803587366506e-5	-0.9999999988489998	3.255113322001259e-5
-3.4179013779822e-5	-0.999999998852451	3.356922491617527e-5
-3.4180399842594535e-5	-0.999999998885967	-3.25540544920461e-5
6.943210476721165e-5	-0.9999999954031061	6.612844005623809e-5
6.942965550381201e-5	-0.99999999702627	-3.3570565227927795e-5
3.5251969914554066e-5	-0.9999999971927372	-6.61197705673248e-5
3.524969270654665e-5	-0.9999999988152871	-3.356910679779187e-5
0.00013994256689730871	-0.9999999880212006	6.613377819407976e-5
0.00013994491537020704	-0.9999999852372826	9.970383722010445e-5
-6.943060093080791e-5	-0.9999999926208261	-9.968821184810771e-5
-6.942819894163507e-5	-0.9999999970926905	-3.153322389649052e-5
-1.2005469123081673e-9	-0.9999999994019636	3.458428419231537e-5
-2.2953161342084834e-9	-0.999999997813979	6.612141906551707e-5
-0.00010466725962881056	-0.9999999939590493	-3.3565848742007266e-5
-0.00010466496374871924	-0.9999999895531362	-9.969439616411456e-5
6.942877443708641e-5	-0.9999999954031296	6.613158306286177e-5
6.94287745497974e-5	-0.9999999970265341	3.356452214536909e-5
3.418211808118731e-5	-0.9999999994157914	4.5204920723117885e-10
3.418211819059164e-5	-0.9999999994157914	1.4865963419662615e-9
3.4179005632466e-5	-0.9999999994158978	-1.477569803643175e-9
3.418018881460377e-5	-0.999999998852377	-3.357023682471049e-5
0.00010466856449618194	-0.999999993958845	3.356786284157363e-5
0.00010467211435968809	-0.9999999945218743	-3.140994995913672e-9
-3.525809507672838e-5	-0.9999999904968137	-0.00013327880216271415
-3.524167174443765e-5	-0.9999999944102815	9.968681671104801e-5
-6.942518447548288e-5	-0.999999995336543	6.713462328050587e-5
-4.847324856509877e-5	-0.9999999986601846	1.816521266242477e-5
-5.8935288433126474e-5	-0.9999999982296968	8.199895926663584e-6
-5.8936878270462256e-5	-0.9999999978182268	2.983271076157413e-5
-8.354295150713233e-5	-0.9999999964898239	6.397453501678167e-6
-8.354491444791581e-5	-0.9999999961571944	-2.6567998118215206e-5
3.009060360026778e-6	-0.9999999984349981	5.586545849770443e-5
3.0105061262472424e-6	-0.9999999996530987	-2.6167525015631087e-5
-6.0616671055228214e-5	-0.9999999943983541	-8.676929809844051e-5
-6.061667124543578e-5	-0.9999999975362296	3.540000049794802e-5
-2.0933970037426318e-5	-0.9999999971021212	7.3195125261224e-5
-2.0922324282597737e-5	-0.9999999954312128	-9.327288372984765e-5
0.00012508867705583683	-0.9999999911270698	4.581138617045185e-5
0.00012508494724619766	-0.9999999872648911	9.91159595410793e-5
-2.9574409870840686e-5	-0.9999999984029128	-4.8161487099882695e-5
-2.957440989697203e-5	-0.9999999992864922	-2.3502550577095308e-5
-8.673099561469113e-5	-0.9999999932012327	-7.794401177848183e-5
-8.673101050008174e-5	-0.999999993168219	-7.836640845805053e-5
8.75743795968074e-5	-0.9999999923253057	8.763627425038843e-5
8.757437970773547e-5	-0.9999999935919787	7.174099820325064e-5
-5.417929810371139e-5	-0.9999999965308318	-6.326879283908405e-5
-5.4179298178140827e-5	-0.9999999979045933	3.543186293365585e-5
-0.0001063272457932924	-0.9999999942460222	-1.4229285974042685e-5
-0.00010632873204400865	-0.9999999927565729	-5.640083997033238e-5
-6.846244050229803e-5	-0.9999999974496508	-2.0336975837449346e-5
-6.84658323626051e-5	-0.9999999952623714	-6.91931141972128e-5
5.568777022110803e-5	-0.9999999972476336	4.9026577135371274e-5
5.568777028801273e-5	-0.999999998449059	8.685498995080698e-7
0.00012603891187710047	-0.999999989753867	6.787089767622637e-5
0.0001260405502174784	-0.9999999918279098	2.1399999793824817e-5
-4.655063397462567e-6	-0.9999999946774561	-0.00010306996689781886
-4.6550634220259575e-6	-0.9999999999541609	-8.367104247716665e-6
8.777851475829157e-5	-0.9999999929738427	7.966961015448713e-5
8.777953374385425e-5	-0.9999999948588065	5.076554504264992e-5
-2.768730544917225e-5	-0.9999999978642691	-5.920198400310621e-5
-2.7687887024925487e-5	-0.9999999967512672	-7.570235617670791e-5
7.86102536205614e-5	-0.9999999965842611	2.5532446683240518e-5
7.861010220668769e-5	-0.9999999964691367	2.970148760241647e-5
-3.157299174273372e-5	-0.99999999667097	-7.524098942076315e-5
-3.156697285415286e-5	-0.9999999954072266	9.049349687339534e-5
-6.901571161298896e-5	-0.9999999961151722	5.483144288167715e-5
0.00012575926536939188	-0.99999999058906	5.483144257867244e-5
-2.488537597744138e-5	-0.9999999957624983	-8.863250797836708e-5
-0.00011691826968492743	-0.9999999892374679	-8.86294647272561e-5
4.970329127541042e-5	-0.999999996309391	7.007710864496588e-5
0.00011941939904646571	-0.9999999904137773	7.008175389185677e-5
1.8341224226143427e-5	-0.9999999994885432	-2.620139154018315e-5
-2.047786697226361e-5	-0.9999999994470044	-2.620397831478798e-5
3.4155421575928884e-5	-0.999999999083097	2.583047086814905e-5
-9.379583669577613e-5	-0.9999999952674546	2.5834700644993927e-5
-3.219451051342561e-5	-0.9999999959114734	8.450187548789314e-5
4.3189106454264175e-5	-0.9999999954968597	8.450432943151327e-5
-3.255077955738945e-5	-0.9999999993937811	1.2364647365624867e-5
4.315745801847211e-5	-0.9999999990350977	8.199895933267792e-6
0.0001036756742064938	-0.9999999924588335	6.583074945451543e-5
0.00010367525785407304	-0.9999999946052164	6.403738531923436e-6
3.160461128406468e-5	-0.9999999975639002	-6.223622786890321e-5
3.1608332824070244e-5	-0.9999999979399291	5.5866403960168515e-5
-5.407833589614631e-5	-0.999999998206638	-2.573436270808247e-5
-5.408431721912942e-5	-0.999999994772969	-8.67695141067341e-5
0.00010128724255732287	-0.9999999929983312	6.119013170631991e-5
0.00010128640257509546	-0.9999999921917692	7.319512490181017e-5
-2.1000316605970108e-5	-0.9999999988434911	-4.326666689392578e-5
-2.10003166035993e-5	-0.9999999987305976	4.580165195379692e-5
-3.797318751599778e-5	-0.9999999988399005	2.9635047865094426e-5
-3.797592957037689e-5	-0.9999999981191771	-4.816092732987314e-5
5.1246929079054234e-5	-0.9999999980097384	3.680048376066263e-5
5.123890089243901e-5	-0.9999999956500086	-7.793945012956181e-5
0.00011088557599639168	-0.9999999936288706	-2.1134041805274806e-5
0.0001108855755953404	-0.9999999900120676	8.763705658904122e-5
3.156156521956655e-7	-0.999999999843905	-1.766608462275162e-5
3.1722301438357236e-7	-0.9999999979984797	-6.326879293194037e-5
-1.2766290187892886e-5	-0.9999999970509664	-7.573037021439094e-5
-1.2772792868192874e-5	-0.9999999998171469	-1.4232426508771335e-5
6.880879908511836e-5	-0.9999999956183859	6.347107402129565e-5
6.881175314105267e-5	-0.9999999974257687	-2.0332367328720712e-5
0.00010590628979255584	-0.9999999942794289	1.499999965652554e-5
0.00010590272818373097	-0.9999999931905861	4.902489142169787e-5
-4.1964175498588684e-5	-0.9999999949060111	-9.179861462576622e-5
-4.196417557876738e-5	-0.9999999968166573	6.786525840347317e-5
-0.00010496259669748836	-0.9999999944605096	7.863466030021074e-6
-0.00010496650610518684	-0.9999999891796544	-0.00010306659882959638
5.907696066650784e-5	-0.999999996841808	5.316292611199173e-5
5.907602631248436e-5	-0.9999999950814649	7.96686467989175e-5
2.5442806263930587e-5	-0.9999999985418245	4.7634173811989824e-5
2.5446571911887064e-5	-0.9999999979237985	-5.920198400663045e-5
7.476155135595416e-5	-0.9999999971305537	-1.2231233730306069e-5
7.476022023042085e-5	-0.9999999968795018	2.553244669077874e-5
-8.343541146345608e-5	-0.9999999886908028	-0.0001251276416075309
-8.34354118804546e-5	-0.9999999936886629	-7.524098919637141e-5
0.00012575675178921433	-0.9999999844020331	0.0001240208568593301
8.632607577381145e-5	-0.9999999885838052	0.00012401692624010297
-0.00011691961446255835	-0.999999990746008	-6.9554207851982e-5
1.7257025629984498e-5	-0.9999999974315817	-6.956314791249544e-5
0.00011942084696987113	-0.9999999924849228	2.7727525025467885e-5
9.800148571467316e-6	-0.9999999995674703	2.7731149116653686e-5
-2.0476097171137444e-5	-0.9999999997897597	-1.1000006146899858e-6
-6.650107394987238e-5	-0.9999999977881986	-1.1000006124882674e-6
-9.379391475012083e-5	-0.9999999952343884	-2.709104680651094e-5
7.118958086684686e-5	-0.9999999970987637	-2.7101954690314434e-5
4.3189106546045427e-5	-0.9999999976219616	-5.376595643519845e-5
4.8473859138039406e-5	-0.9999999966582986	6.583074973096936e-5
-7.963486099071353e-5	-0.9999999952513721	-5.6174234088890905e-5
-7.96354979443782e-5	-0.9999999948921908	-6.223990561247421e-5
3.888298986324792e-5	-0.9999999979624083	5.062900766616602e-5
3.8884865855502405e-5	-0.9999999989128548	-2.5734362726256506e-5
2.8037121134482005e-5	-0.9999999989565671	-3.6066405801003955e-5
2.8027252683567542e-5	-0.9999999977349723	6.119255376536762e-5
7.914805172346281e-6	-0.9999999990850963	4.203764461100098e-5
7.905852694095423e-6	-0.9999999990327464	-4.326666690211422e-5
-2.5771823699056273e-5	-0.9999999968301619	-7.533584367465859e-5
-2.5757135121569638e-5	-0.9999999992291551	2.9635451788463313e-5
-7.909490835387413e-5	-0.9999999966481252	-2.115998479961133e-5
-7.909695103074942e-5	-0.9999999961948595	3.679610828325823e-5
-2.3729519245737627e-5	-0.9999999957104878	8.953175088531587e-5
-2.3729519335545393e-5	-0.9999999994951311	-2.1134041929252603e-5
7.839841347229704e-6	-0.9999999999293636	8.933633088801713e-6
7.839841346319147e-6	-0.9999999998132187	-1.7666337196990734e-5
1.127016963779869e-5	-0.9999999998328186	-1.4399516639657646e-5
1.1270169606648708e-5	-0.999999997068887	-7.573116485149061e-5
0.00011684255416494843	-0.9999999928662502	2.4805587228754725e-5
0.00011684664310128688	-0.9999999911590415	6.347266195679441e-5
-8.341957060882509e-5	-0.9999999884262567	-0.00012723467196451387
-8.340468259496223e-5	-0.9999999964093295	1.4999999688474045e-5
-5.442281567834187e-5	-0.9999999976117577	4.2598611639221375e-5
-5.44322900255522e-5	-0.999999994305108	-9.179820236588925e-5
7.007876190295882e-5	-0.9999999971861699	2.676989253267077e-5
7.007678332778192e-5	-0.9999999975136595	7.86925317442762e-6
1.0358425970226858e-5	-0.9999999987459126	-4.899875323367768e-5
1.036202705363601e-5	-0.9999999985330803	5.3164536698119826e-5
4.0294181362163105e-5	-0.9999999958533569	8.166801849031863e-5
4.029178204500356e-5	-0.9999999980537555	4.763466470641816e-5
-0.00012282812155436993	-0.9999999866570476	-0.00010769938486233167
-0.00012281812964502135	-0.9999999923829708	-1.2237866513571274e-5
-6.170375561518067e-5	-0.9999999970399956	4.596362811719222e-5
-6.170375519730327e-5	-0.9999999902676787	-0.00012512908978462489
8.631844958911375e-5	-0.9999999961491529	1.5837282256463463e-5
1.1194202159480026e-6	-0.9999999998740091	1.5834422051481025e-5
1.725358158893005e-5	-0.9999999993643538	3.1202666162422836e-5
-1.1199064165005993e-5	-0.9999999994505168	3.120172543729245e-5
9.800148562389278e-6	-0.9999999986411541	5.120204067927452e-5
5.01260468777188e-5	-0.999999997432797	5.12033738649758e-5
-6.650521683050037e-5	-0.9999999959963953	-5.9868735036360144e-5
-7.724348063129098e-5	-0.9999999952245896	-5.986873499015311e-5
7.118563675449636e-5	-0.9999999941451775	8.15000011625808e-5
-1.2530075140228528e-5	-0.999999998343851	-5.617201553591607e-5
3.100989400726383e-5	-0.9999999994111527	-1.4699689314965846e-5
3.100280308427813e-5	-0.9999999982377517	5.0629268189021954e-5
-4.1931160210632245e-5	-0.9999999989434902	-1.8836061200825102e-5
-4.193164323703898e-5	-0.9999999984705605	-3.6064057056767445e-5
1.043110294920446e-5	-0.9999999998503799	1.3799724997737202e-5
1.0432286840608733e-5	-0.9999999990619949	4.203781236505061e-5
-6.670868690940053e-5	-0.9999999972808987	-3.143490882457247e-5
-6.670868675305754e-5	-0.9999999949372308	-7.533584353205301e-5
0.00010279052070251403	-0.9999999910104038	8.610052891403753e-5
0.00010279802613263089	-0.9999999944921539	-2.117210348102266e-5
8.645130516803275e-6	-0.9999999938205535	-0.00011083390666222825
8.645130535251278e-6	-0.9999999959544706	8.95339080315508e-5
2.4080361524077303e-5	-0.9999999942776071	0.0001042349353917815
2.408036165393201e-5	-0.9999999996701632	8.933633086486115e-6
-0.00010806994273690355	-0.9999999873245833	-0.00011692613289707969
-0.00010807355710388079	-0.9999999940563801	-1.4399516556479737e-5
-3.709926688993159e-6	-0.9999999963806285	8.499987724960602e-5
-3.709926701254208e-6	-0.9999999996855601	2.4801540259437236e-5
-5.7287060362378916e-5	-0.999999998015076	-2.6230530528564772e-5
-5.727638026649136e-5	-0.9999999902652654	-0.00012723554983661272
0.0001258875752133073	-0.9999999909603908	4.723914536606661e-5
0.00012588806097923647	-0.999999991168777	4.2598611364759335e-5
7.947300955484062e-6	-0.9999999975368881	-6.973567543617792e-5
7.943899503208477e-6	-0.9999999996101895	2.6767806703586323e-5
-1.4209714971812686e-5	-0.9999999998829869	5.66657202770553e-6
-1.4209714954983504e-5	-0.9999999986986434	-4.899792852203152e-5
5.9608724517604375e-5	-0.9999999979965124	2.1302002130137433e-5
5.9610787749815276e-5	-0.9999999948883914	8.16686668571621e-5
-4.920975409209644e-5	-0.9999999985479692	-2.1965013158824925e-5
-4.9212684217833374e-5	-0.9999999929892109	-0.00010770185684612001
7.129858958333057e-5	-0.9999999974332697	7.069059576770292e-6
7.129858950979736e-5	-0.999999996401928	4.596362808786431e-5
1.1207137525633987e-6	-0.9999999997817048	-2.0864664989775846e-5
5.463460746656118e-5	-0.9999999982897884	-2.0868230236399313e-5
-1.1203109413801965e-5	-0.9999999964458168	-8.356348927494293e-5
-1.5645235547780947e-5	-0.9999999963861972	-8.356334241504842e-5
5.0121038365512966e-5	-0.9999999985248242	-2.0934014073883958e-5
5.2504497103217114e-6	-0.9999999997671	-2.0934014099889774e-5
-7.724348038728616e-5	-0.9999999920656847	-9.950917285311542e-5
9.097160916909598e-7	-0.9999999998915458	-1.4699689322027475e-5
-4.011305258779912e-5	-0.9999999977500357	-5.376682621949573e-5
-4.011146226972254e-5	-0.9999999990181377	-1.8836000111903278e-5
5.2563840606476535e-5	-0.9999999962082361	6.943032887835061e-5
5.25679257633923e-5	-0.9999999985230904	1.3799724979420968e-5
3.3111364799859444e-5	-0.9999999994406246	-4.731631455599073e-6
3.310977459337899e-5	-0.9999999989577946	-3.143490887728554e-5
1.771187914905442e-5	-0.9999999987805975	-4.609874476082756e-5
1.7707254698201625e-5	-0.9999999961368182	8.609771653596405e-5
-7.023773779975314e-7	-0.9999999976492155	6.856438859456514e-5
-6.960543488939068e-7	-0.9999999938577494	-0.00011083328426277748
0.00010535860507806667	-0.9999999944014974	-9.826974145763813e-6
0.00010536262547500297	-0.9999999890163331	0.00010424035068433273
-5.344560393741691e-5	-0.9999999974673668	-4.699823186531925e-5
-5.3448068515720015e-5	-0.999999991735366	-0.00011692977287081588
3.1219191054931425e-5	-0.9999999988537981	-3.630104885575278e-5
3.122346665942261e-5	-0.9999999958999584	8.500104989956581e-5
-3.149936156378534e-5	-0.9999999991847143	2.5265820737083208e-5
-3.14993615630022e-5	-0.999999999159852	-2.6231396205459927e-5
1.547208381741611e-5	-0.9999999997091612	1.850113968265784e-5
1.547410954648946e-5	-0.9999999987646827	4.723543910355154e-5
-9.42551148224273e-5	-0.9999999939184322	-5.726350561648968e-5
-9.425555435545971e-5	-0.9999999931264131	-6.973567512861047e-5
3.227513165684742e-5	-0.999999998190251	5.077217658854523e-5
3.227200007992646e-5	-0.9999999994631953	5.668108845427974e-6
-5.985090705262094e-6	-0.9999999995087954	-3.076666809348961e-5
-5.985090706737139e-6	-0.9999999997552486	2.129980022677986e-5
-8.101883427318287e-5	-0.9999999954598435	-5.016235283284631e-5
-8.101979811538578e-5	-0.9999999964766887	-2.1963945271271823e-5
-6.030161400208186e-5	-0.9999999981793684	-2.23131052778818e-6
-6.030193171602033e-5	-0.999999998156884	7.0646418397748555e-6
5.4629910735509754e-5	-0.9999999917173532	0.00011653697349222743
1.630614804944558e-5	-0.9999999930769192	0.00011653442013660784
-1.564523554441177e-5	-0.9999999961708487	8.610185439864479e-5
5.3768650353354955e-5	-0.9999999948473062	8.610644418341639e-5
5.248305658898282e-6	-0.9999999991903349	3.9897186865386874e-5
-1.6174013954670652e-5	-0.9999999984237649	-5.3766826255720005e-5
8.641480996753813e-5	-0.9999999953014632	4.392668988818101e-5
8.641391769171978e-5	-0.9999999938560322	6.943032871503631e-5
-2.87757974076054e-5	-0.9999999987750856	-4.0271359462863495e-5
-2.87719446927574e-5	-0.999999999574874	-4.735755183379184e-6
-9.029866265589354e-6	-0.9999999998602952	1.4066666576132706e-5
-9.029657407504461e-6	-0.9999999988967263	-4.609786070730355e-5
2.29597855721519e-5	-0.9999999996142244	-1.56332818418352e-5
2.2962730835568466e-5	-0.9999999973858733	6.856359418120894e-5
-6.244142238510392e-5	-0.9999999979690719	-1.2764209001370374e-5
-6.244131924860545e-5	-0.9999999980021461	-9.838155448473136e-6
-2.2819537689144517e-5	-0.999999999350424	2.79001942208434e-5
-2.2819537672822755e-5	-0.99999999863517	-4.699924443969006e-5
1.5890230116409884e-5	-0.9999999998224082	-1.0133333366582509e-5
1.589023010675622e-5	-0.9999999992148859	-3.630053428582062e-5
4.83361343445833e-5	-0.9999999988172226	-5.4012102081801425e-6
4.833397240530423e-5	-0.9999999985127328	2.526582072010505e-5
6.957947700655835e-5	-0.9999999965442232	4.549999899650039e-5
6.95804286679217e-5	-0.9999999974081023	1.8502956082268907e-5
-5.1833976824185555e-5	-0.9999999939385441	-9.713985108847048e-5
-5.18339769837533e-5	-0.9999999970169833	-5.7264929843360355e-5
6.56240992744554e-5	-0.9999999963562591	5.4598163633134604e-5
6.562423406908548e-5	-0.9999999965577102	5.077439870480962e-5
3.0168209823666932e-5	-0.9999999994004132	1.7001552814332805e-5
3.017152617438505e-5	-0.9999999990715456	-3.0766668080036886e-5
-3.1487808674003214e-5	-0.9999999954995891	-8.949491436762256e-5
-3.149192536746798e-5	-0.9999999982459163	-5.016399031406536e-5
9.624810493608288e-6	-0.9999999998931769	-1.1000413841694608e-5
9.62481049416662e-6	-0.9999999999511868	-2.2336579153800927e-6
1.6310110117928236e-5	-0.9999999998584486	4.133195013289792e-6
6.800569462791888e-5	-0.9999999976790711	4.133195004282e-6
5.3762017193229585e-5	-0.9999999985103369	-9.432470875071069e-6
7.25846362590938e-5	-0.9999999964009385	4.392714009818666e-5
-4.76068585246192e-5	-0.9999999963789127	-7.053907929633809e-5
-4.7604211649020284e-5	-0.9999999980560037	-4.0271972395185675e-5
-2.3974342261338535e-5	-0.9999999995547882	-1.77666672546211e-5
-2.3974673772495866e-5	-0.9999999996136719	1.4066666572663542e-5
2.29591334119245e-5	-0.9999999980096675	5.876685368980265e-5
2.296068309728881e-5	-0.9999999996142037	-1.5633281841834882e-5
-3.044600097162592e-5	-0.9999999973256057	-6.649683954787002e-5
-3.0447880505790866e-5	-0.9999999994549874	-1.2765250442086303e-5
5.022572732968057e-5	-0.9999999966863112	6.406835138954008e-5
5.022572741321098e-5	-0.9999999983494113	2.7902572048293898e-5
1.8690217066902805e-5	-0.9999999998230633	-2.1328468084147074e-6
1.8689939334812038e-5	-0.9999999997740009	-1.0133333366091987e-5
-8.78354838241137e-6	-0.9999999993026781	-3.629728751672712e-5
-8.78463745100665e-6	-0.9999999999468386	-5.399350938985424e-6
-3.644015198378237e-5	-0.9999999988324495	-3.173667028510983e-5
-3.64320255403634e-5	-0.9999999983012288	4.549999907644413e-5
-7.007006381740423e-5	-0.9999999974543917	1.3468575205808278e-5
-7.007786101412687e-5	-0.9999999928264713	-9.713985098044391e-5
1.533023734727767e-5	-0.9999999997576722	-1.5799984240242675e-5
1.532775599780255e-5	-0.9999999983920501	5.459816374428505e-5
-3.948179402841206e-5	-0.9999999992177199	2.397509080714129e-6
-3.948076461054519e-5	-0.9999999990761468	1.6999285513488676e-5
1.623721162297358e-5	-0.9999999974138755	7.00614175344747e-5
1.624283560843982e-5	-0.9999999958631328	-8.949807031215946e-5
5.5371025504231345e-5	-0.9999999971027781	-5.223498137874142e-5
5.537393278758391e-5	-0.9999999984063762	-1.0998877954567191e-5
6.800591332406573e-5	-0.9999999976870665	1.0309813061659667e-6
