[-0.0013052431455781892, -0.0, -0.0]	[-0.0, -0.0007034147838538281, 1.2315070197333421e-5]	[0.0008129691915557611, -7.215857854624732e-5, 1.2633199934585043e-6]	[-0.00010946436651778172, -0.001232894142825677, 2.1584957074110263e-5]
[-0.001315359571985434, -0.0, -0.0]	[0.0, -0.0006714606259312303, -0.00010481694167739766]	[0.0008104841500718895, -8.640802546890791e-5, -1.3488542166523428e-5]	[-0.00013259043774017663, -0.0012140780273062098, -0.00018952108413427407]
[-0.0015924779900970496, -0.0, -0.0]	[0.0, -0.0005227797582670319, -0.0006192881429432803]	[0.0009693397580219258, -0.00011072802083058087, -0.00013116910000354097]	[-0.0002600276235289612, -0.0009471776939905166, -0.0011220325689218196]
[-0.0014506043970561957, -0.0, -0.0]	[0.0, -0.0004624694340910464, -0.0005098350971139206]	[0.0008696414640348708, -0.00012845612567808872, -0.00014161247529511983]	[-0.0002869000870464788, -0.0008767547455217839, -0.0009665511012781624]
[-0.0019025825905796476, -0.0, -0.0]	[0.0, -0.0004610554128522227, -0.0007321065259049192]	[0.001110085955596827, -0.00019288883282740055, -0.0003062867702030107]	[-0.0005373964063536545, -0.0008782709573283766, -0.0013946000446999536]
[-0.0018357029587342442, -0.0, -0.0]	[0.0, -0.00020396339033702552, -0.001007642766533069]	[0.0010779096173938179, -8.481408984043925e-5, -0.00041900805819411046]	[-0.0006472330182018326, -0.00032376288210349204, -0.0015994896225465449]
[-0.0011031750238038277, -0.0, -0.0]	[-0.0, -0.00029755478081040624, 0.0005296264122153729]	[0.0006843195396474825, -5.5349280932734095e-5, 9.851779561150145e-5]	[-0.0001712612472457034, -0.0005079991337784923, 0.0009042024392915106]
[-0.0010991614843132139, -0.0, -0.0]	[-0.0, -0.00032188395335341414, 0.0005004449019621194]	[0.0006791464040176993, -5.9618804898142045e-5, 9.269156371890001e-5]	[-0.00016714375476219802, -0.0005571844355035247, 0.0008662752749722394]
[-0.001816451098966854, -0.0, -0.0]	[-0.0, -0.000622558417753654, 0.00041053334152234527]	[0.0010888406407843876, -0.0002499158810162055, 0.0001648018865495157]	[-0.0004258475319250379, -0.001293060832226439, 0.0008526823653931214]
[-0.0018473752373424077, -0.0, -0.0]	[-0.0, -0.0006577561223103236, 0.0003024478605653997]	[0.001117555891332527, -0.00029022731599590235, 0.0001334516362877512]	[-0.00044195076716362975, -0.001404771627971924, 0.000645938759141845]
[-0.0021591678772168673, -0.0, -0.0]	[-0.0, -0.0008434431154283766, 4.2204396628327246e-5]	[0.0013156725604714893, -0.0003410768436651506, 1.7066879944204564e-5]	[-0.00047187451792581893, -0.0018156664521168763, 9.085272698084587e-5]
[-0.0025050427064904905, -0.0, -0.0]	[0.0, -0.0009345431783848911, -5.398265928631514e-5]	[0.0015366257428863167, -0.0004490538338461905, -2.593900493247063e-5]	[-0.0006017450593072737, -0.0020522750033097293, -0.00011854697014316306]
[-0.0022260943311560246, -0.0, -0.0]	[0.0, -0.0007755439294156264, -0.0002978056159508041]	[0.0013573202119682738, -0.0004005010411490439, -0.00015379071993794157]	[-0.0005733539284923695, -0.0016934276141360738, -0.000650269100908177]
[-0.0028487390708429776, -0.0, -0.0]	[0.0, -0.0009013324066181726, -0.0004254537991113523]	[0.0017444215624625606, -0.000608670606501638, -0.00028730934341433866]	[-0.0008528245157492771, -0.0019988020301727116, -0.0009434897837515723]
[-0.002925828135155956, -0.0, -0.0]	[0.0, -0.0007762396110760945, -0.0007350833318661797]	[0.001722717198675148, -0.0005574080282084346, -0.0005278542150359896]	[-0.001009112118721476, -0.0016442403207881254, -0.0015570625824133156]
[-0.006297457914060532, -0.0, -0.0]	[0.0, -0.0014959760843916454, -0.001528516184966629]	[0.0036384569599428756, -0.0014519547430128664, -0.0014835373022936697]	[-0.0025598634445734426, -0.0031383764205855304, -0.0032066416057268694]
[-0.005713311819514117, -0.0, -0.0]	[0.0, -0.0014101663583343089, -0.0008739271305052788]	[0.0034493819344458545, -0.0018907700831903688, -0.001171773290067421]	[-0.0023340671894102917, -0.003076507928497728, -0.001906614584895211]
[-0.0040231742626585, -0.0, -0.0]	[0.0, -0.0011114953883207368, -0.0003675776764110262]	[0.0025271412066962626, -0.0013256117956090185, -0.00043838715731351686]	[-0.00146844514449909, -0.002523457336451397, -0.0008345213070623195]
[-0.004196076496815557, -0.0, -0.0]	[0.0, -0.0012148789028729697, -0.0003555481201164285]	[0.002639491205497073, -0.001280011318206665, -0.0003746098618058875]	[-0.0014588324158527676, -0.0027709054541189965, -0.0008109369772596847]
[-0.003829514153689366, -0.0, -0.0]	[0.0, -0.0011503036238029154, -3.397573537044479e-5]	[0.0024338386525028692, -0.0011780930597848872, -3.479653303071466e-5]	[-0.0012838417507730641, -0.002649994487653052, -7.82710838969447e-5]
[-0.0032092220496614675, -0.0, -0.0]	[-0.0, -0.0010079235234825665, 4.5986747797137225e-5]	[0.0020276848122595913, -0.0008919371341163284, 4.0694841505223e-5]	[-0.0010201812611493582, -0.002314410709622292, 0.0001055955329176665]
[-0.002811200954293538, -0.0, -0.0]	[-0.0, -0.0008593766606699001, 0.00023381261343141443]	[0.0017622295461202035, -0.0007675560338516453, 0.000208830761228736]	[-0.0009160764112461391, -0.00195826004746198, 0.0005327883807299306]
[-0.002077382726649372, -0.0, -0.0]	[-0.0, -0.0006455393386685495, 0.0002492015099463526]	[0.0012860752762594223, -0.0005027585369368518, 0.0001940829613908495]	[-0.0006524461062330886, -0.0014525213297449787, 0.0005607257171163437]
[-0.0031790827729268507, -0.0, -0.0]	[-0.0, -0.0008410364855432887, 0.0006744871609782115]	[0.0018943460656297767, -0.0007357244611148493, 0.0005900299351686542]	[-0.0011613866698343591, -0.001819875281902549, 0.0014594878264192655]
[-0.002953073267460328, -0.0, -0.0]	[-0.0, -0.0006896858814622555, 0.0009438863260586151]	[0.0016876054353768873, -0.00045089743986396065, 0.0006170866178093874]	[-0.0010642458150301058, -0.0013864370699365406, 0.0018974420492403408]
[-0.00435632327016672, -0.0, -0.0]	[-0.0, -0.0009472948331298858, 0.0015064533488173043]	[0.0024588556655168975, -0.0006080715031800233, 0.0009669970955708982]	[-0.0016204883988746443, -0.0018568560515314588, 0.0029529001101578933]
[-0.0011297926165819558, -0.0, -0.0]	[-0.0, -0.00016696533751730245, 0.0006223175892662714]	[0.0006938528277468798, -4.742047317571952e-5, 0.00017674683253056343]	[-0.00027663217428078665, -0.00027179712364087, 0.0010130493746114497]
[-0.003227850237584681, -0.0, -0.0]	[0.0, -0.0003490922344092498, -0.001675268491566275]	[0.0017784190494548055, -0.00019139828313884726, -0.0009185065764209834]	[-0.001423311662486671, -0.0005503608673893672, -0.0026411421660202414]
[-0.007484444632005169, -0.0, -0.0]	[0.0, -0.001443965914302679, -0.002323706656706034]	[0.003998292530449192, -0.0014243676936028286, -0.002292168158844864]	[-0.0035485256104862964, -0.002774870823219034, -0.00446546953743523]
[-0.007030778898608094, -0.0, -0.0]	[0.0, -0.0013995765877953658, -0.0020878968205695603]	[0.003795464356604789, -0.0014195919269854296, -0.0021177558246583497]	[-0.0032915068536675026, -0.0027283563610486076, -0.004070178524911865]
[-0.009881083659074958, -0.0, -0.0]	[0.0, -0.0019206116282180334, -0.001808446131288838]	[0.00516998265514601, -0.0038520332920734526, -0.003627070982127375]	[-0.005051013568737158, -0.003593318634215915, -0.003383465499771593]
[-0.014598570499555971, -0.0, -0.0]	[0.0, -0.0028737276596885186, -0.002059346660701149]	[0.007909563430839787, -0.006704391173443533, -0.004804444683029461]	[-0.007035808276415147, -0.005484227869136958, -0.003930061469379293]
[-0.01571547102796254, -0.0, -0.0]	[0.0, -0.0025593997499088104, -0.0016063482611285561]	[0.00708139417601326, -0.009635941928687778, -0.006047776851597666]	[-0.007427084086114019, -0.0039156734014796175, -0.00245758215762826]
[-0.011263713755064658, -0.0, -0.0]	[0.0, -0.0017418250766645428, -0.0006906444707106024]	[0.005376824264489828, -0.007825472286171144, -0.0031028484074259485]	[-0.0046624083031416965, -0.0027682844656171947, -0.0010976419992722276]
[-0.010798421586717006, -0.0, -0.0]	[0.0, -0.0013039321560360286, -0.0004104069410634335]	[0.00412366987018222, -0.008763759458391899, -0.0027583549457576018]	[-0.003767997273271872, -0.0016131721602723902, -0.0005077388793898181]
[-0.009381840010052262, -0.0, -0.0]	[0.0, -0.001061161719014672, -0.00019194666771812043]	[0.0037365279667718964, -0.007902464778522647, -0.0014294256509796547]	[-0.0029696515650238244, -0.0013596560536280518, -0.0002459393738581199]
[-0.008168417890973813, -0.0, -0.0]	[0.0, -0.0006622222509340938, -8.799047016388117e-5]	[0.0024094554759995375, -0.0074938254157575985, -0.0009957158955750302]	[-0.001956090972738812, -0.0006180219237669992, -8.211750596893888e-5]
[-0.007811667636523861, -0.0, -0.0]	[0.0, -0.0005872058873629098, -1.3634662979566688e-5]	[0.002304468181058073, -0.007263467211968577, -0.00016865452072199348]	[-0.0017237318274888145, -0.0005465908412119519, -1.2691599433908451e-5]
[-0.012486099487155114, -0.0, -0.0]	[0.0, -0.0003856881830133193, -3.260833354594362e-6]	[0.0015696332406835993, -0.012334666250678163, -0.00010428447875628004]	[-0.0011874341610280917, -0.00015109471751506136, -1.277443064827087e-6]
[-0.013776603572922957, -0.0, -0.0]	[-0.0, -0.00041352417209941536, 1.4649927542170959e-5]	[0.0016178922813644833, -0.01361860208534855, 0.00048246643663686493]	[-0.0012753137124872315, -0.00015131757477402597, 5.360730172173775e-6]
[-0.0144916198948166, -0.0, -0.0]	[-0.0, -0.0004071017622221634, 4.737881009504478e-5]	[0.00011802672660271022, -0.014344181919391664, 0.0016693867091559188]	[-0.0012722336358835565, -1.032829511375847e-5, 1.2020147742158332e-6]
[-0.012532245172154002, -0.0, -0.0]	[-0.0, -0.0007360553101329985, 0.00018407438275067366]	[0.0004953020151566567, -0.011956295258424081, 0.002990057458156978]	[-0.002342051806416643, -9.131123276651091e-5, 2.283532036017989e-5]
[-0.019955605803808497, -0.0, -0.0]	[-0.0, -0.0015782609870756957, 0.0005631707130588735]	[-0.0005028976187014401, -0.018221378443753405, 0.006501932681043978]	[-0.005144873148211662, 0.00012595716891223704, -4.494528421602513e-5]
[-0.020837738886191698, -0.0, -0.0]	[-0.0, -0.0020480787982898583, 0.0009736594832866813]	[0.0003501055055544451, -0.01787093441929834, 0.008495866851936228]	[-0.00690408973840464, -0.0001103228174973951, 5.244761948072379e-5]
[-0.021214299125603513, -0.0, -0.0]	[-0.0, -0.0024626440247814962, 0.0015217488501960415]	[-0.0005809876509329534, -0.016634115155212573, 0.010278767599681497]	[-0.008699173348569036, 0.00021988068095687112, -0.00013587151454263867]
[-0.015724915970901764, -0.0, -0.0]	[-0.0, -0.0020213659342919444, 0.0015451549207330622]	[0.0003782280460354982, -0.01114600025695152, 0.008520128320829424]	[-0.007532343899874063, -0.00016133205050171385, 0.00012332403919332812]
[-0.012480014382107902, -0.0, -0.0]	[-0.0, -0.001734837905412715, 0.0017184099269494878]	[-0.00018386365814400502, -0.007518344905228581, 0.007447150237532624]	[-0.007048332757197976, 8.700466264592195e-5, -8.618077545756384e-5]
[-0.009650443335083657, -0.0, -0.0]	[-0.0, -0.0013698398066026795, 0.0015722237645832047]	[0.00022251720793708453, -0.005193915249244846, 0.005961278790945796]	[-0.0059066621124666385, -0.00010920086440687487, 0.00012533450503188277]
[-0.009258165789798682, -0.0, -0.0]	[-0.0, -0.0012978414433247934, 0.0020273717083533578]	[-0.00010441888114802952, -0.003783567731327786, 0.005910350770955469]	[-0.006499259651473438, 5.213856714417591e-5, -8.144620168037813e-5]
[-0.009676070696281415, -0.0, -0.0]	[-0.0, -0.0012968163510581672, 0.00249137320227364]	[0.00040560230634800704, -0.0032046365345504784, 0.006156573811466397]	[-0.007279864178335935, -0.000196425519212256, 0.0003773620485343112]
[-0.007028604712669194, -0.0, -0.0]	[-0.0, -0.0008870300159982932, 0.002035504148121464]	[0.0002213885001004774, -0.0019318709246159906, 0.0044331434221710295]	[-0.005552734607320162, -0.00010155582215478563, 0.00023304430913682813]
[-0.003469444979263439, -0.0, -0.0]	[-0.0, -0.00038782340144070585, 0.0011785083767262595]	[0.0002722713500435165, -0.0007000532454308873, 0.0021273048785346214]	[-0.0028919015053433836, -0.00010990114809912536, 0.00033396495200007845]
[-0.0021978698950949494, -0.0, -0.0]	[-0.0, -0.00018221963289041985, 0.0009350375592516092]	[0.0001243931658102349, -0.0002578647047470467, 0.0013232009104573925]	[-0.001967824245988212, -3.47324160417467e-5, 0.00017822510674311484]
[-0.001147209770403728, -0.0, -0.0]	[-0.0, -7.762944827567652e-5, 0.0005453583120714034]	[0.0001255185317784597, -9.771029931273796e-5, 0.0006864292493224214]	[-0.0010427884096750795, -2.660363502013545e-5, 0.0001868944558001022]
[-0.0016785379116474105, -0.0, -0.0]	[-0.0, -0.00015171043008843424, 0.0006911001673817063]	[0.0002881258068652818, -0.00021384904231963657, 0.0009741657765742856]	[-0.0014379870437949977, -8.907156085748172e-5, 0.00040575569248385064]
[-0.0035053302265354727, -0.0, -0.0]	[-0.0, -0.000397904075020307, 0.0012033265545867062]	[0.000601540333816912, -0.0006868870958065441, 0.002077258149077198]	[-0.002851384531321291, -0.0002461269833436266, 0.0007443279761399547]
[-0.00483070576064662, -0.0, -0.0]	[-0.0, -0.0005951957149519768, 0.0015334808390625105]	[0.0009749285421679961, -0.0011064042558822742, 0.0028505744984900897]	[-0.0037800275091501457, -0.00043608823346870135, 0.0011235513518756239]
[-0.0022475817907835656, -0.0, -0.0]	[-0.0, -0.0002665093332374752, 0.0007751532483926465]	[0.0005916725777724755, -0.0004303738216626875, 0.0012517597857922968]	[-0.001737314312288396, -0.0002524880339416376, 0.0007343717284217515]
[-0.002962694495793837, -0.0, -0.0]	[-0.0, -0.0004236534730900078, 0.0008740949733130137]	[0.0010459862344123297, -0.0007454280223327346, 0.0015379901940501103]	[-0.0020374297497188377, -0.0005438402610120334, 0.001122068078348695]
[-0.0021929445759396693, -0.0, -0.0]	[-0.0, -0.00023167790593591525, 0.0008931845488139618]	[0.0007677232512297259, -0.000280854844188604, 0.0010827757022208375]	[-0.0016114150214971692, -0.0002776761586362286, 0.0010705209608399082]
[-0.0017293852009200757, -0.0, -0.0]	[-0.0, -0.00013952423976675555, 0.0007901586253410973]	[0.00047900067924029356, -0.0001646214323019645, 0.0009322899366221543]	[-0.0014133376213459328, -0.00012434608399426457, 0.000704201155008676]
[-0.002471508209209746, -0.0, -0.0]	[-0.0, -0.0001899530064286425, 0.0011549874883263166]	[0.0006776232728472184, -0.00022024780329744592, 0.0013391915291188982]	[-0.002035734295255499, -0.00016494714177946556, 0.0010029421938211715]
[-0.0015031615413494325, -0.0, -0.0]	[-0.0, -0.00010258459517856456, 0.0007279805709170004]	[0.0003331905383369377, -0.00012034461161897028, 0.0008540126216871672]	[-0.0013009713150088289, -7.013244104185702e-5, 0.0004976873416577276]
[-0.0008031644050321435, -0.0, -0.0]	[-0.0, -2.056478149175871e-5, 0.0004906850362874918]	[0.00016313454526870448, -2.079308476368932e-5, 0.0004961324561551288]	[-0.0007438768879404758, -1.0233129952184076e-5, 0.0002441671332094783]
[-0.0009778946899355987, -0.0, -0.0]	[-0.0, -3.00606085127176e-5, 0.0005798256266100201]	[0.0001237398002929705, -3.195619817813357e-5, 0.0006163888074611428]	[-0.0009286806274503523, -9.639525878917725e-6, 0.00018593250135313659]
[-0.0015203492077180158, -0.0, -0.0]	[-0.0, -8.54952346463114e-5, 0.0008144361517578916]	[-0.0005015259154819087, -8.42973951060663e-5, 0.0008030254125556834]	[-0.0012247109451818483, 7.941872985797956e-5, -0.0007565507597074366]
[-0.0010370629025182683, -0.0, -0.0]	[-0.0, -3.979522605990175e-5, 0.0006142222312313097]	[-0.0004115703839860125, -3.397669260730704e-5, 0.0005244156651279492]	[-0.0007907433316226386, 4.0039645387809575e-5, -0.0006179947386350275]
[-0.001901543837446287, -0.0, -0.0]	[-0.0, -0.00013457481485737427, 0.0009922620829843148]	[-0.0008096098027609159, -0.00011589431791800629, 0.0008545249527204966]	[-0.001308119000620535, 0.00016505164268205332, -0.001216977240067165]
[-0.0015250152738482627, -0.0, -0.0]	[-0.0, -7.24916914585376e-5, 0.0008950469092249903]	[-0.0007288781519609217, -5.274419571220804e-5, 0.0006512267599490517]	[-0.0009841387738918086, 8.86302407742769e-5, -0.001094307795456199]
[-0.002934934606885547, -0.0, -0.0]	[-0.0, -0.0002980193290092053, 0.0014704989926727055]	[-0.0015085195873020447, -0.00020068053889976767, 0.0009902060087250547]	[-0.001530923845574577, 0.00045402250903809027, -0.0022402561753658064]
[-0.0025489212920823353, -0.0, -0.0]	[-0.0, -0.00019133622482315793, 0.0014461614982523695]	[-0.0014095698752684272, -0.00010491405194526198, 0.0007929636047179059]	[-0.0012087370250027957, 0.00027938884128579975, -0.0021116826449476566]
[-0.0029411773931571216, -0.0, -0.0]	[-0.0, -0.00036456553550941585, 0.0015488496049727216]	[-0.0017032008740286131, -0.0001599788761397192, 0.0006796671516597167]	[-0.00105897150211494, 0.0005918367498689984, -0.00251440695007568]
[-0.0008446848359302929, -0.0, -0.0]	[-0.0, -1.5679547292727302e-5, 0.0005623552031184894]	[-0.000542602096919754, -4.841646235083452e-6, 0.00017364818646397495]	[-0.0002560840484605864, 2.2293540947435468e-5, -0.0007995695611403565]
[-0.0025003835164464226, -0.0, -0.0]	[-0.0, -4.58058293285224e-5, 0.0016866710074740128]	[-0.0016806173364049928, -6.300632494862665e-6, 0.0002320030946632426]	[-0.00034119033472495143, 6.70721092498082e-5, -0.002469742033713996]
[-0.0015901403431314743, -0.0, -0.0]	[0.0, -8.368179236080194e-5, -0.0009184907023238654]	[0.0007655235640067085, -6.053304960253498e-5, -0.0006644102817912553]	[-0.0010067631252033472, -0.00010481312717768645, -0.0011504280689772653]
[-0.004765314671151633, -0.0, -0.0]	[0.0, -0.0006396953906537419, -0.00180009422466015]	[0.002117050488303339, -0.0007019646015487542, -0.001975318946526138]	[-0.0029418851768916844, -0.0009948300980416496, -0.002799438514279045]
[-0.004287204187117272, -0.0, -0.0]	[0.0, -0.000635193284268792, -0.0015055834969025178]	[0.001974653664965906, -0.0007278109732690517, -0.0017251129968728492]	[-0.0025416741246845503, -0.001041961619742472, -0.0024697367839711555]
[-0.00782285352828041, -0.0, -0.0]	[0.0, -0.0013436620567557327, -0.0017497545536610617]	[0.0034882549196340097, -0.0027473662309694816, -0.003577697642828798]	[-0.004581919724331069, -0.0021580016089073214, -0.002810210441686921]
[-0.011195483275517712, -0.0, -0.0]	[0.0, -0.0018752102188809817, -0.0024849723231563955]	[0.004742818719553794, -0.004042253197049544, -0.00535667266353358]	[-0.006709436274583629, -0.002856327032241735, -0.003785118889358323]
[-0.019838628661463832, -0.0, -0.0]	[0.0, -0.0030853229218629815, -0.002615758241916519]	[0.0071256967213780996, -0.011435038616226186, -0.009694705307853565]	[-0.010470890793214529, -0.00379624197326194, -0.003218480360517135]
[-0.02238438736449159, -0.0, -0.0]	[0.0, -0.003450585933068271, -0.002518587069747506]	[0.008541586638266072, -0.013826537350788107, -0.010092007231974903]	[-0.01107987340252715, -0.004465673110062426, -0.0032595004937962307]
[-0.02007882580932726, -0.0, -0.0]	[0.0, -0.002413944796462972, -0.0011940657660416162]	[0.005564841037709169, -0.0158763412286723, -0.007853284623132215]	[-0.0077336206816062255, -0.0021778443360942266, -0.0010772778935575116]
[-0.011354882289026697, -0.0, -0.0]	[0.0, -0.0012838098974179359, -0.00047272973606392056]	[0.003640959078045626, -0.009401185962742895, -0.003461743181598559]	[-0.0038958611701135357, -0.0013286648811017673, -0.0004892464217824651]
[-0.008435943530586106, -0.0, -0.0]	[0.0, -0.000676860190428751, -0.00015863318264370293]	[0.0020169156725953715, -0.00772892693250228, -0.0018113995992980907]	[-0.0020703441092189455, -0.0005121397024390992, -0.00012002826005271645]
[-0.006226170159052046, -0.0, -0.0]	[0.0, -0.00047379235198179945, -7.816939573038012e-5]	[0.001626945194093659, -0.005767147457920756, -0.0009515021295467875]	[-0.0014235470731276936, -0.00039094889268247304, -6.450133391689721e-5]
[-0.009568586895887953, -0.0, -0.0]	[0.0, -0.00029065320954413664, -1.8830363146474047e-5]	[0.0010180659257084965, -0.009455886483842726, -0.0006126124553789093]	[-0.0008987895788499768, -9.636351718475131e-5, -6.243041408372313e-6]
[-0.008245691214348767, -0.0, -0.0]	[0.0, -0.00024597410825376515, -1.9698398397145674e-5]	[0.000766562068411816, -0.008151805604723629, -0.0006528228340694597]	[-0.0007625458271445791, -7.12497070000349e-5, -5.7059058944473396e-6]
[-0.005455068204842448, -0.0, -0.0]	[0.0, -0.00039564262798624594, -0.00010226720523511601]	[0.0009301217879527205, -0.005075005143829379, -0.00131180655445275]	[-0.0012388688227479522, -0.00021283350723200946, -5.50140111943704e-5]
[-0.01024786997392286, -0.0, -0.0]	[0.0, -0.0008108944604267965, -0.0002732343993757641]	[0.0010681933112974657, -0.009366942622805163, -0.003156231872865854]	[-0.0026132053840240985, -0.0002676211363971469, -9.01761006299723e-5]
[-0.014374494901785904, -0.0, -0.0]	[0.0, -0.0005409331551462924, -8.198877324277404e-5]	[-0.0006062577506986947, -0.014110476658984789, -0.0021387128153164915]	[-0.0016950095739048463, 7.119074155969114e-5, 1.0790319489926451e-5]
[-0.026941465450518884, -0.0, -0.0]	[0.0, -0.0010957175630187564, -0.0001644059719671002]	[-0.0021314504229875387, -0.0263644409316525, -0.003955829205471386]	[-0.003423428253614334, 0.0002706755083361189, 4.061326708416264e-5]
[-0.021726903244851957, -0.0, -0.0]	[0.0, -0.0008550411616956956, -0.00010209182899678057]	[-0.002398797136116811, -0.021294454733262417, -0.002542555760586438]	[-0.0026531402385148303, 0.00029467240970728297, 3.5183856180963365e-5]
[-0.019064221794381313, -0.0, -0.0]	[-0.0, -0.0006273246569158814, 4.819558905259754e-5]	[-0.0021177854637107734, -0.01880048289188326, 0.0014443882245953172]	[-0.0019399761127193269, 0.0002172468507593446, -1.669046454134887e-5]
[-0.01805708609728697, -0.0, -0.0]	[-0.0, -0.0009846825784470062, 0.00013165973919775786]	[-0.0032419019802353956, -0.017369568535695868, 0.002322446759435964]	[-0.0030211460954114666, 0.0005539708904595292, -7.407022786579805e-5]
[-0.014888318412738417, -0.0, -0.0]	[-0.0, -0.0011698002417332126, 0.00037771038997236144]	[-0.0018930362516363238, -0.013635949949957859, 0.004402837159283822]	[-0.003744425520938819, 0.0004707491940592347, -0.00015199762773500898]
[-0.013266087134029464, -0.0, -0.0]	[-0.0, -0.0013491869451488403, 0.000540929115934285]	[-0.002985389185439891, -0.011353060165042768, 0.004551778995717931]	[-0.004298604161248892, 0.0009738202246357191, -0.0003904334496306693]
[-0.01738539993518964, -0.0, -0.0]	[-0.0, -0.0021766443401146566, 0.0012921473349416974]	[-0.004085470902054553, -0.013171768123579253, 0.007819313777489435]	[-0.007316001815120795, 0.0016778890515481053, -0.0009960652855999117]
[-0.021831837809540983, -0.0, -0.0]	[-0.0, -0.00277797200917895, 0.0017908433359146035]	[-0.004536414029053078, -0.016164779789200865, 0.010420763084136836]	[-0.009589859840804581, 0.0019011628475407753, -0.0012256008357021237]
[-0.012994417311801976, -0.0, -0.0]	[-0.0, -0.0018136339081832385, 0.0014942100749661973]	[-0.002776139024395152, -0.008438152920192905, 0.006951994584225543]	[-0.006654479244761685, 0.0013041156821040013, -0.001074430061286843]
[-0.010004497458109338, -0.0, -0.0]	[-0.0, -0.0014219622250876568, 0.0014481500990230665]	[-0.0013418769121605013, -0.0057990232528325955, 0.005905822215009195]	[-0.005747418288638045, 0.0006528340656949982, -0.0006648571250361896]
[-0.007616783186626555, -0.0, -0.0]	[-0.0, -0.0011053689406334316, 0.001465941556608063]	[-0.0012035569985446681, -0.00352325923210232, 0.004672550433778302]	[-0.004964772933538131, 0.0006147517089182829, -0.0008152844213106869]
[-0.008595226107662316, -0.0, -0.0]	[-0.0, -0.0012160861460527117, 0.0019037000590920222]	[-0.0010171905753733087, -0.0034468420235569124, 0.005395796494536939]	[-0.006003431958063421, 0.0005134389476767454, -0.0008037537128475753]
[-0.007156869728967614, -0.0, -0.0]	[-0.0, -0.000940819548471043, 0.002003731797404127]	[-0.001098712472772459, -0.0020649943146679225, 0.004397968533374082]	[-0.005457497143292519, 0.000524527160512599, -0.0011171236310185378]
[-0.005284363247599171, -0.0, -0.0]	[-0.0, -0.0006518214798363497, 0.001620307498806041]	[-0.0006873501023393293, -0.0013037574862340812, 0.0032408996894363923]	[-0.004197266968667996, 0.00030822450911529843, -0.0007661890546483923]
[-0.004129807396046059, -0.0, -0.0]	[-0.0, -0.0004807225505122962, 0.0013362802499168596]	[-0.00018174888941146027, -0.000922600607723249, 0.002564583187013056]	[-0.003399902025151347, 7.674740652907484e-5, -0.00021333728461011664]
[-0.002018899053941965, -0.0, -0.0]	[-0.0, -0.00018005432058503751, 0.0008193444081888186]	[-7.480427196692714e-5, -0.00026823207867410887, 0.0012206008333729348]	[-0.0017890835002164168, 2.298466511081066e-5, -0.00010459264055116662]
[-0.0020533328267569426, -0.0, -0.0]	[-0.0, -0.00015161702037388844, 0.0009293685451461821]	[3.6489969068968085e-5, -0.00020276493258362168, 0.0012428904745469987]	[-0.0018742246812654152, -8.744094432596338e-6, 5.359877341872917e-5]
[-0.0009130469745537788, -0.0, -0.0]	[-0.0, -4.3560507700240054e-5, 0.0004900562297651283]	[9.138344264685633e-6, -5.053971002043029e-5, 0.0005685723388825071]	[-0.0008657961687455648, -1.227231504767327e-6, 1.3806369026133894e-5]
[-0.0006529255926216524, -0.0, -0.0]	[-0.0, -1.6050734738334485e-5, 0.0003985603646988926]	[-3.2595156756298116e-5, -1.7041505430760323e-5, 0.0004231624738822875]	[-0.0006345199264971324, 1.965116157109183e-6, -4.879635885966885e-5]
[-0.0010143758366374799, -0.0, -0.0]	[-0.0, -4.492523124348813e-5, 0.0005574048006835845]	[-9.922980264786956e-5, -5.062683277182341e-5, 0.0006281467863231044]	[-0.0009550310556874968, 1.2081089078682005e-5, -0.00014989476656103952]
[-0.0008076625099627824, -0.0, -0.0]	[-0.0, -1.788570755128146e-5, 0.0005000980002553191]	[-0.00011302092291609753, -1.8445525530864073e-5, 0.0005157509371767987]	[-0.0007714163807209477, 6.038145024794991e-6, -0.0001688311319803073]
[-0.0013749108310591495, -0.0, -0.0]	[-0.0, -5.835495472329688e-5, 0.0007717553464206373]	[-0.00028803521909231316, -6.188210013011304e-5, 0.0008184025135415919]	[-0.0012420945416165951, 3.2866649379689534e-5, -0.0004346676730019211]
[-0.0033118039152948016, -0.0, -0.0]	[-0.0, -0.000290986203666981, 0.0014046526061629806]	[-0.0006916234222533057, -0.00038933884972736343, 0.0018794218525078987]	[-0.002800883154944819, 0.0002047363973672624, -0.0009883063544396406]
[-0.0026905700904582123, -0.0, -0.0]	[-0.0, -0.00025941691535321374, 0.0010556701536112605]	[-0.0004248552442857242, -0.0003876025763988197, 0.0015773083679217115]	[-0.002289869626639098, 0.00014293578691072336, -0.0005816623172746411]
[-0.0016002921742632374, -0.0, -0.0]	[-0.0, -0.00012098869589044363, 0.0007194995404438981]	[-0.00014952516966042223, -0.00016094734461564062, 0.0009571269417721343]	[-0.0014420618074581126, 3.684112825403267e-5, -0.00021908802845692048]
[-0.0008365597579791386, -0.0, -0.0]	[-0.0, -1.2629716545977073e-5, 0.0005423122234732396]	[0.0003464236901851079, -1.017370249064494e-5, 0.00043685249772405376]	[-0.0006476799791947132, -1.1954790305387641e-5, 0.0005133313077985267]
[-0.0025804501782924713, -0.0, -0.0]	[-0.0, -0.00024536855164059533, 0.0011649149810437835]	[0.0010169349140566003, -0.00025008213253727564, 0.0011872932400512684]	[-0.0018087314150803829, -0.0003124505034475579, 0.001483394142676733]
[-0.004133433725631521, -0.0, -0.0]	[-0.0, -0.000518986122411409, 0.0016646546575468984]	[0.0018485622249842196, -0.0005254479312572947, 0.001685380992466032]	[-0.0025462357017496406, -0.0007935616174941628, 0.0025453590868175944]
[-0.00635824219489762, -0.0, -0.0]	[-0.0, -0.0009691669361100843, 0.0012830113430361337]	[0.001845771977206367, -0.002724372073901919, 0.003606602890825412]	[-0.004054040148629833, -0.0009978578122365304, 0.0013209931582842075]
[-0.010939925748943995, -0.0, -0.0]	[-0.0, -0.0017027098256667977, 0.0018444983027765668]	[0.003528436666187231, -0.005438473176374863, 0.005891347070597296]	[-0.006423254545361641, -0.0019173661982088532, 0.002077029594289461]
[-0.013273465481577488, -0.0, -0.0]	[-0.0, -0.0021921707172570617, 0.002112909456922716]	[0.005378063099123128, -0.006601678168631476, 0.006362984472082976]	[-0.007342558901561354, -0.003100902056063662, 0.002988784234580989]
[-0.007601899031024558, -0.0, -0.0]	[-0.0, -0.0012844297837237763, 0.0017363159723059168]	[0.003303846601462377, -0.002630547937111619, 0.003556023425337779]	[-0.0045302395284888995, -0.002012359277093221, 0.0027203445444133134]
[-0.009202004619729927, -0.0, -0.0]	[-0.0, -0.001874805781755816, 0.0018233583999087799]	[0.004994433172562929, -0.0031820662212846875, 0.003094745722520452]	[-0.004547905004080027, -0.003668381746790654, 0.0035677160467355337]
[-0.013778552695369083, -0.0, -0.0]	[-0.0, -0.0028907905371254837, 0.0021757045690287023]	[0.007753876029303472, -0.005534054278487696, 0.004165112284797778]	[-0.0064878072426082884, -0.005803032801392225, 0.00436755441740414]
[-0.012292252952406659, -0.0, -0.0]	[-0.0, -0.002591359111243828, 0.001911699349492218]	[0.006947624825534246, -0.004957658606274648, 0.0036573675533803584]	[-0.005755156374228139, -0.005222811534535383, 0.0038529763666369284]
[-0.005467509361464387, -0.0, -0.0]	[-0.0, -0.0013487161169763455, 0.0008380311145137922]	[0.0033000583438821977, -0.0018088695680826667, 0.001123949629629128]	[-0.002234950935277809, -0.0029416671873466354, 0.0018278187681685348]
[-0.003919274787808405, -0.0, -0.0]	[-0.0, -0.0010296653902521066, 0.00033665885920956]	[0.0024608923904375656, -0.0014316465999282808, 0.0004680904259636149]	[-0.001495772877617635, -0.0023228067670717526, 0.000759463689631402]
[-0.004875978182331187, -0.0, -0.0]	[-0.0, -0.001236255698484849, 0.0002974831023207943]	[0.0030770082550956286, -0.001982423653708483, 0.0004770352438756026]	[-0.0018948079589500794, -0.0027800407569040764, 0.0006689677143293745]
[-0.0048809786097669975, -0.0, -0.0]	[-0.0, -0.0012603091613649395, 5.5373223285370214e-5]	[0.003114112327264226, -0.002015555150556165, 8.855587884075292e-5]	[-0.0018556346445575088, -0.0028615050029536598, 0.0001257237194793948]
[-0.005190100317305596, -0.0, -0.0]	[0.0, -0.0012778706073730737, -2.10786795128735e-5]	[0.003297403800251109, -0.0023221780339287698, -3.830469710047001e-5]	[-0.0020198565703345205, -0.002867338734757602, -4.7297209823966434e-5]
[-0.00465651899682904, -0.0, -0.0]	[0.0, -0.001129709950421576, -0.00022015527050873378]	[0.0029323278241381004, -0.0020710223713026298, -0.00040359606482497855]	[-0.0018430412013037175, -0.0025140557998457125, -0.0004899333979332832]
[-0.005280018403893378, -0.0, -0.0]	[0.0, -0.0012081780698712608, -0.0002974904267316051]	[0.003273490909065947, -0.00252650267914295, -0.0006221023033772402]	[-0.002150175056332949, -0.002626645645723026, -0.0006467605674237396]
[-0.007055015193086232, -0.0, -0.0]	[0.0, -0.0015440200400945714, -0.0008456010927246764]	[0.004158271440328198, -0.003090191943932579, -0.0016923806794362137]	[-0.003111533305877201, -0.003220925239108868, -0.0017639783364522435]
[-0.010003016763055806, -0.0, -0.0]	[0.0, -0.002069687616969211, -0.0012209353682172824]	[0.00570815028938364, -0.0046511173686005144, -0.0027437540092981787]	[-0.004563279732913286, -0.004154571170365188, -0.002450835014949111]
[-0.006672396593505362, -0.0, -0.0]	[0.0, -0.0012373689672281736, -0.0004206845015570858]	[0.0037434180341035686, -0.004015209431076765, -0.0013651032334709894]	[-0.0028281500046787615, -0.002363515974006497, -0.0008035554194271168]
[-0.007382741837140376, -0.0, -0.0]	[0.0, -0.0011700906265037744, -0.0004189193936697946]	[0.003669657619858637, -0.005083554840115523, -0.001820029716562707]	[-0.0030307451543928826, -0.0019392279735062229, -0.000694288278572165]
[-0.0068872775304041215, -0.0, -0.0]	[0.0, -0.0010198775286424553, -0.00017722623647137498]	[0.003455975895928781, -0.005122001919560344, -0.0008900609121284743]	[-0.002571557238261904, -0.0016842516994542832, -0.00029267591606035344]
[-0.008998522865008728, -0.0, -0.0]	[0.0, -0.001070359726416678, -0.00015593975376029814]	[0.0038228728212525882, -0.007456884780793668, -0.001086386892029985]	[-0.002923118546984166, -0.0014674295948927207, -0.00021378850870465579]
[-0.008385711564005686, -0.0, -0.0]	[0.0, -0.0009582700798146444, -1.9580769954727805e-5]	[0.003556925184013411, -0.007077198555883914, -0.00014461162856456856]	[-0.0026019365692942402, -0.0013071600422283947, -2.670979781173727e-5]
[-0.009647184476239351, -0.0, -0.0]	[-0.0, -0.0007900178225038957, 9.71361979082782e-6]	[0.003080980337814278, -0.008848327828968997, 0.00010879411814128028]	[-0.002292996351293064, -0.0007982987235237365, 9.815437144488614e-6]
[-0.009913559190388867, -0.0, -0.0]	[-0.0, -0.0008170711996524484, 8.490025732109778e-5]	[0.003059468873474681, -0.009073848387944007, 0.0009428456949122206]	[-0.00239279744887399, -0.0007981721415115104, 8.293649345330446e-5]
[-0.009758993822930563, -0.0, -0.0]	[-0.0, -0.0006012563189063265, 8.65997853818859e-5]	[0.0020200769034358483, -0.009285385107513927, 0.0013373869549704368]	[-0.0018339375931289753, -0.00039087262579490543, 5.629792892166949e-5]
[-0.011852588636394185, -0.0, -0.0]	[-0.0, -0.0008631608046977599, 0.0002150264456723423]	[0.0021697731040983626, -0.011023819672316408, 0.0027462006487899483]	[-0.0026901717002606133, -0.0004985558733155634, 0.000124197828289543]
[-0.016431061087032024, -0.0, -0.0]	[-0.0, -0.0016071197519817362, 0.0005717378387887245]	[0.0039683452575975005, -0.014290314783776967, 0.005083823828319207]	[-0.005034703973783513, -0.0012410439556703162, 0.00044150523828844076]
[-0.021247268795295843, -0.0, -0.0]	[-0.0, -0.002324634087298307, 0.0010824910904431338]	[0.004646848558625559, -0.017580004108874635, 0.008186319697276486]	[-0.007555078432535173, -0.0016411377528712755, 0.0007642136047904605]
[-0.02456258487367807, -0.0, -0.0]	[-0.0, -0.003167202503117677, 0.0019057088703087863]	[0.006451403227912316, -0.018253315039404763, 0.010983037664592923]	[-0.010551814091569685, -0.002738094334494448, 0.0016475140619685309]
[-0.018357073428328326, -0.0, -0.0]	[-0.0, -0.0025170857622562794, 0.0019681298672950655]	[0.0038578779137231254, -0.012312265941412385, 0.009627061062731599]	[-0.00910934136370481, -0.0017713297039284302, 0.0013850171286986595]
[-0.012022126588758885, -0.0, -0.0]	[-0.0, -0.001700650673441002, 0.0014630162539064026]	[0.0026098068397936046, -0.007587597821763135, 0.006527371619995061]	[-0.006313831575741502, -0.001248051038385928, 0.0010736590314393687]
[-0.008137443215369019, -0.0, -0.0]	[-0.0, -0.0011750859888327325, 0.0013620241496423212]	[0.0011457415070702482, -0.004254130311234086, 0.004930897206409469]	[-0.0049957321575971455, -0.0005741353134243656, 0.00066547143739092]
[-0.0057818285460390605, -0.0, -0.0]	[-0.0, -0.0008384156903739881, 0.0011566951525816128]	[0.0009517971282682113, -0.0025729843901476763, 0.003549741024555985]	[-0.00382792054376698, -0.0004877199387790832, 0.0006728682388464388]
[-0.006788990484596768, -0.0, -0.0]	[-0.0, -0.0009472134843588035, 0.0016208462750760474]	[0.0009224467284909409, -0.0024778200230457614, 0.004239979076502726]	[-0.0048792274261588685, -0.0004624220851123492, 0.0007912842527517636]
[-0.00504416713265321, -0.0, -0.0]	[-0.0, -0.0006719773294768945, 0.0014263144074955776]	[0.001040756964298457, -0.0014208373950660828, 0.0030158172878671824]	[-0.003786199555773348, -0.0005037666781112569, 0.001069276654862177]
[-0.005975391435108852, -0.0, -0.0]	[-0.0, -0.0008873743688112111, 0.0014310036211001799]	[0.001754960992608707, -0.002101835298874412, 0.003389475771849072]	[-0.004047505276727325, -0.0009386108291555323, 0.0015136289062808905]
[-0.007088228415043595, -0.0, -0.0]	[-0.0, -0.0010444180082232455, 0.001999861761703678]	[0.002560681971721631, -0.001914222574603499, 0.003665372006417211]	[-0.004785047024900141, -0.001371697968066874, 0.002626540612422312]
[-0.008229154435920531, -0.0, -0.0]	[-0.0, -0.0013096492986368108, 0.002169338888926544]	[0.003379107359908641, -0.0023982889660113865, 0.003972591384783182]	[-0.005188057633525078, -0.0019525324474282246, 0.003234228105574397]
[-0.005347134209581886, -0.0, -0.0]	[-0.0, -0.0007507835021879832, 0.001987026102041956]	[0.002449468691639295, -0.0008084016552774797, 0.002139518496729143]	[-0.0031918239480068895, -0.0012082280831726606, 0.0031977004442528116]
[-0.00828948212283873, -0.0, -0.0]	[-0.0, -0.0015068845745113359, 0.0026395134028899285]	[0.004303116304775558, -0.0015646268665163113, 0.0027406568854357913]	[-0.004159833387194479, -0.002812178264358919, 0.004925912936960166]
[-0.006583093778179053, -0.0, -0.0]	[-0.0, -0.0012477231768120757, 0.0024473460686018837]	[0.003608392303518737, -0.0008638804983768742, 0.0016944580182010269]	[-0.0027286904105633457, -0.0023513422371264133, 0.004612039182177988]
[-0.0008481023460409799, -0.0, -0.0]	[0.0, -4.251661056637723e-5, -0.0004778040363302287]	[-0.0003350667173178842, -3.72284519197549e-5, -0.0004183754150819275]	[-0.0006354164537455974, 4.492697666917069e-5, 0.0005048918647720152]
[-0.0008937299285249801, -0.0, -0.0]	[0.0, -5.1889097945623716e-5, -0.0004742882048798335]	[-0.0002946814452417264, -5.148106563791779e-5, -0.0004705586177716201]	[-0.0007180876067732234, 4.861641872784223e-5, 0.0004443745387572173]
[-0.001018444813401864, -0.0, -0.0]	[0.0, -1.3045123364917484e-5, -0.0006618201552486914]	[-0.0003196522376568673, -1.1818122948371047e-5, -0.0005995705633166712]	[-0.0008884455886544186, 9.33271025121378e-6, 0.0004734777567500931]
[-0.0013626049501825072, -0.0, -0.0]	[0.0, -2.3900743663103772e-5, -0.0008661684665275318]	[-0.0003536259100615799, -2.2851861138580906e-5, -0.0008281567217617825]	[-0.001232594724927296, 1.4512102826485602e-5, 0.0005259219557553528]
[-0.00044698662445779886, -0.0, -0.0]	[0.0, -1.6145925649612152e-6, -0.000300365365228648]	[-6.647941036163196e-5, -1.587445932180843e-6, -0.0002953152315622636]	[-0.0004345315082528873, 5.25803086002342e-7, 9.781603073914654e-5]
[-0.0016517369688153014, -0.0, -0.0]	[0.0, -0.00010234072436721383, -0.0008156650543349033]	[-0.00019080039905070752, -0.00012447213534753733, -0.0009920544501633031]	[-0.0015115371278941164, 3.591001621785672e-5, 0.0002862061560596982]
[-0.0027195832171341586, -0.0, -0.0]	[0.0, -0.00023209428941448288, -0.0011534601374167536]	[-0.0004026375600403837, -0.000320839187997529, -0.0015945037459125714]	[-0.002372355078460323, 0.00011584927584982567, 0.0005757467018188204]
[-0.002450189291397944, -0.0, -0.0]	[0.0, -0.00020297730672613455, -0.001078537153815446]	[-0.0005327118018280806, -0.0002602786645391337, -0.001383012783934915]	[-0.002079429658995432, 0.00014558177088805154, 0.0007735611007631658]
[-0.003243889868925957, -0.0, -0.0]	[0.0, -0.00033895155239500256, -0.001248065396099517]	[-0.0008334994547969156, -0.0004854375777529444, -0.0017874467264683675]	[-0.0025905630126745816, 0.00030553490663337297, 0.0011250207930165296]
[-0.0021035033676976983, -0.0, -0.0]	[0.0, -0.0002103934691090165, -0.0008656872563205004]	[-0.0006613522293029161, -0.0002642998704228422, -0.0010874911214742106]	[-0.0016171729489495204, 0.00022568957628973653, 0.0009286247852929449]
[-0.00289909397195417, -0.0, -0.0]	[0.0, -0.000357348171781248, -0.0010607742171624363]	[-0.0010702161399424553, -0.00047483274633236316, -0.0014095226296054427]	[-0.002037392145237593, 0.00046801355969068077, 0.0013892801379887705]
[-0.0018813141515669415, -0.0, -0.0]	[0.0, -0.00016657106985718323, -0.0008950007959728031]	[-0.0007799340349993283, -0.00015615150449198377, -0.0008390155681445864]	[-0.0012852479952456684, 0.00021491292434434064, 0.0011547457701865322]
[-0.0025448672170157887, -0.0, -0.0]	[0.0, -0.00023731120504001855, -0.0012276479124131575]	[-0.0011556913702311393, -0.0002005671083134406, -0.0010375649636021912]	[-0.0015951126207734937, 0.00033107766876008836, 0.0017127164679451054]
[-0.003213679802775009, -0.0, -0.0]	[0.0, -0.0003560227200948683, -0.0014464121100253979]	[-0.001496267064890913, -0.0003068682281327226, -0.0012467123481190554]	[-0.0019162780441932536, 0.0005337540806180825, 0.0021684806120680924]
[-0.0024400341668942916, -0.0, -0.0]	[0.0, -0.0002780485223066069, -0.0011953152866915166]	[-0.0012868933613864064, -0.000177115116276369, -0.0007614081320519889]	[-0.0011830671793430726, 0.00044125202039872963, 0.00189691813821082]
[-0.003575343552957019, -0.0, -0.0]	[0.0, -0.0007606055825154539, -0.0013749886346787561]	[-0.0020358427480339602, -0.00040234939156726644, -0.0007273491718865519]	[-0.001219982690064711, 0.0014463464008753419, 0.0026146401087868854]
[-0.004274979821143979, -0.0, -0.0]	[0.0, -0.0007990550897428406, -0.0016274999607572237]	[-0.0023458943611616117, -0.0005349513412481772, -0.0010895785510466219]	[-0.0017551022204823146, 0.0014949199449083993, 0.0030448240464329137]
[-0.010330703134023083, -0.0, -0.0]	[0.0, -0.0021439740493091534, -0.0024390208082074416]	[-0.005652145042924782, -0.0028723802128079027, -0.003267667866772572]	[-0.004970121009916462, 0.0042629710225571054, 0.004849627276110214]
[-0.007610002307006404, -0.0, -0.0]	[0.0, -0.0013085597484953878, -0.0022106973847579358]	[-0.0036792110627485233, -0.001781474274152134, -0.0030096451640133468]	[-0.004288435262440368, 0.002297996311565988, 0.0038822640250119377]
[-0.007575453540743736, -0.0, -0.0]	[0.0, -0.0012382602256585803, -0.0020996753504158297]	[-0.0033655291456728222, -0.0019938688586640997, -0.0033809349664543557]	[-0.004592439227833087, 0.0020003079758937276, 0.003391853556460989]
[-0.0045352315843612085, -0.0, -0.0]	[0.0, -0.0006339387116489024, -0.0014618770341024892]	[-0.0017389366732963461, -0.0009585289091650833, -0.002210389384783002]	[-0.0030639970138708994, 0.0008798428410218836, 0.002028937528619855]
[-0.0057187419348266105, -0.0, -0.0]	[0.0, -0.0008126576607103228, -0.0015757678308712158]	[-0.0017275893257577364, -0.0016412343950835601, -0.003182403227985964]	[-0.004032021097721429, 0.0008916624519418616, 0.0017289605152280448]
[-0.00644470319688495, -0.0, -0.0]	[0.0, -0.0008473491664222634, -0.0019405374600955847]	[-0.0016463329825656898, -0.0016131328566235757, -0.003694279596221481]	[-0.00481556255367136, 0.0007870171013140672, 0.0018023693506234175]
[-0.00886602317077918, -0.0, -0.0]	[0.0, -0.0011614778959963242, -0.0025117740842833442]	[-0.0014480132355137155, -0.002505632631257671, -0.005418599122395713]	[-0.0067699237065310565, 0.0006891966856215054, 0.0014904341958510688]
[-0.004812127984601855, -0.0, -0.0]	[0.0, -0.0005533275101005078, -0.0016018034098876405]	[-0.0005786188821880333, -0.001010828422247217, -0.002926202626854446]	[-0.003945320714981579, 0.00024076081332686006, 0.0006969678620971429]
[-0.003165226114600975, -0.0, -0.0]	[0.0, -0.0003494713307309726, -0.001084718594841021]	[-0.00016926280061626864, -0.000627242371360576, -0.0019468877812204859]	[-0.0026564306256964113, 6.740994173844958e-5, 0.00020923266331433473]
[-0.0015803301171965136, -0.0, -0.0]	[0.0, -0.0001292045055379715, -0.0006766356958393725]	[-4.17406229248112e-5, -0.00018229200495693132, -0.0009546515201340096]	[-0.0014219393055192868, 1.1454188061147422e-5, 5.998484709770282e-5]
[-0.0016232022958820261, -0.0, -0.0]	[0.0, -0.0001305304535922393, -0.0007020309589294952]	[6.043977719216121e-5, -0.0001821453718726158, -0.0009796310865490213]	[-0.0014629729018871907, -1.6221532706402118e-5, -8.724414761291171e-5]
[-0.0013883674743659863, -0.0, -0.0]	[0.0, -5.525016035067841e-5, -0.0007818940622753355]	[0.00010368751605734543, -6.153181605939338e-5, -0.0008707913481606221]	[-0.0013208135514211684, -1.1057995886823487e-5, -0.0001564915154941483]
[-0.0012568202192333954, -0.0, -0.0]	[0.0, -4.677074873758467e-5, -0.0007190490772000476]	[0.00012971028648925805, -5.121220003711371e-5, -0.0007873315303263308]	[-0.0011920865320075714, -1.2720575785661265e-5, -0.0001955649316510248]
[-0.002725577915098555, -0.0, -0.0]	[0.0, -0.00024114858869144043, -0.001134533204152958]	[0.00044158704756952743, -0.0003376756259568182, -0.0015886645323532967]	[-0.0023520746551046116, -0.00013295728428922027, -0.0006255249287531037]
[-0.003586637477280391, -0.0, -0.0]	[0.0, -0.0003847774871345802, -0.0012822888800964598]	[0.0004737591417525781, -0.0006449146357714032, -0.002149208032464456]	[-0.002999303047330856, -0.00018200354324792941, -0.0006065352767464467]
[-0.007462693734979559, -0.0, -0.0]	[0.0, -0.0009830086876990477, -0.002088599232106513]	[0.0011911425909247868, -0.0021528927465585277, -0.00457425269332559]	[-0.00567911919607765, -0.0005698069986283051, -0.0012106693202983661]
[-0.004887217972106421, -0.0, -0.0]	[0.0, -0.0006503080828514868, -0.001436415330837195]	[0.0012215963967289556, -0.0012782259299111258, -0.0028233745980015433]	[-0.003635884475417905, -0.0005910636523568164, -0.0013055548810391292]
[-0.004521670622831186, -0.0, -0.0]	[0.0, -0.000676107194444138, -0.0011014707889807625]	[0.0014103384512219675, -0.0015456979143531953, -0.002518152617275843]	[-0.003046607877850425, -0.0007607406474397336, -0.0012393502214306227]
[-0.0062020365711560384, -0.0, -0.0]	[0.0, -0.000983247251940295, -0.0015201704416844212]	[0.0024031042806443555, -0.0020300814946325914, -0.0031386509102985924]	[-0.0039450276471223195, -0.0013774199250957298, -0.0021295895328318137]
[-0.004061497011392688, -0.0, -0.0]	[0.0, -0.0005303772324854412, -0.0013764485366163839]	[0.0014504003495509055, -0.0007863936071060126, -0.0020408687692589885]	[-0.0028609364277740867, -0.0006821577700162038, -0.0017703532632428252]
[-0.0042175170647545486, -0.0, -0.0]	[0.0, -0.00048317512731865385, -0.001520777392913943]	[0.0011741244774201786, -0.0007307485867915966, -0.0023000064942572387]	[-0.0032584974947725614, -0.0004800388742155561, -0.0015109061422059118]
[-0.003774122799243588, -0.0, -0.0]	[0.0, -0.00034138746378982454, -0.0016009719910607112]	[0.0009560948049030939, -0.0004418781547195142, -0.002072233529943168]	[-0.003093746430137248, -0.00029113815057081675, -0.0013653226144239759]
[-0.002450951282437952, -0.0, -0.0]	[0.0, -0.00020417087620772, -0.001079111310129445]	[0.0005558787156554149, -0.0002600371007295614, -0.0013743829759786724]	[-0.0020671105542490772, -0.0001527174238979305, -0.0008071626200713647]
[-0.0007404840427903251, -0.0, -0.0]	[0.0, -1.2581305487244247e-5, -0.0004710693493658113]	[0.00016719373270842559, -1.2287772262888459e-5, -0.00046007887582912444]	[-0.0006846495505003416, -6.640292488964524e-6, -0.00024862588906585353]
[-0.0005633091696166933, -0.0, -0.0]	[0.0, -1.4347289213299443e-5, -0.0003423310452520844]	[2.8751275250487045e-5, -1.5272063191083173e-5, -0.0003643964568939696]	[-0.0005468187709348289, -1.8050439498155836e-6, -4.306894305117419e-5]
[-0.0005703700683240096, -0.0, -0.0]	[0.0, -2.124913378785819e-5, -0.00032545077148359567]	[-1.8556523976139756e-5, -2.359111843163656e-5, -0.000361320502303208]	[-0.000547221960855884, 1.8271576381467636e-6, 2.7984663699411275e-5]
[-0.0012873071228721384, -0.0, -0.0]	[0.0, -8.175142221566038e-5, -0.0006258459824505114]	[-6.8942126975977e-5, -0.00010219344798788091, -0.0007823394030658076]	[-0.0011905678744870945, 1.3474840119689292e-5, 0.00010315630388452182]
[-0.023244187799132645, -0.0, -0.0]	[0.0, -0.0030314407356214876, -0.0012718201391937085]	[-0.00879785444515162, -0.017893735496427737, -0.007507193824489036]	[-0.008977072830699031, 0.0037531603117613257, 0.0015746126302356989]
[-0.0231219796232674, -0.0, -0.0]	[0.0, -0.003303204122201051, -0.0020666225582671857]	[-0.008105926463980007, -0.01590861754042759, -0.009953096043603086]	[-0.010545354926973869, 0.0038616311463036904, 0.0024159978443417064]
[-0.021134014668354975, -0.0, -0.0]	[0.0, -0.0030161969983799578, -0.0019101832571860192]	[-0.007317602265496737, -0.014513523947783992, -0.0091915383719021]	[-0.00968066261775207, 0.0034836793677822104, 0.0022062438246958542]
[-0.02566652038764276, -0.0, -0.0]	[0.0, -0.0032768567177392243, -0.0022229365637471744]	[-0.004530453390508898, -0.018781511674010085, -0.012740901607503225]	[-0.011555425369952087, 0.0019089169793294794, 0.0012949609079755324]
[-0.016501701443105, -0.0, -0.0]	[0.0, -0.002247619098467653, -0.0019129669473283743]	[-0.0021454428506668274, -0.010818671723775035, -0.009207859746203155]	[-0.008539498112049165, 0.0009820669467077543, 0.0008358451885359199]
[-0.010549002970306568, -0.0, -0.0]	[0.0, -0.0015131503409354927, -0.0015961592847101834]	[-0.0015738700630737804, -0.005927667601177692, -0.0062528497151486066]	[-0.006175267536004014, 0.0007760641127009766, 0.0008186377159669439]
[-0.013461238422347841, -0.0, -0.0]	[0.0, -0.0019857672491854195, -0.0024487787942145535]	[-0.0027861261566025507, -0.006499377400816515, -0.008014805139547691]	[-0.008466273703739967, 0.0014397955982824349, 0.0017755056291334115]
[-0.008709343698139208, -0.0, -0.0]	[0.0, -0.0012032273974922642, -0.002163958313082618]	[-0.0012732177114646917, -0.0030098793275817955, -0.00541315249791594]	[-0.006348036609152221, 0.0006341537118540376, 0.0011405011217321174]
[-0.009622243809807397, -0.0, -0.0]	[0.0, -0.001332850845380444, -0.002227645357181794]	[-0.00010831605102564638, -0.003679685316737363, -0.006150000909801931]	[-0.006923957879647438, 5.372927195913842e-5, 8.979981791613663e-5]
[-0.008277749923039658, -0.0, -0.0]	[0.0, -0.001177011714943696, -0.0016043014972266065]	[5.383814388048315e-5, -0.0038452832389453137, -0.005241233862991281]	[-0.005497142595528699, -2.693143361259419e-5, -3.670833409607196e-5]
[-0.009123621439209138, -0.0, -0.0]	[0.0, -0.0013020247792852027, -0.0016084905981589806]	[0.0004624068730886505, -0.004608648851119894, -0.005693415720791561]	[-0.005789727695505749, -0.00022995817828950577, -0.00028408489118886027]
[-0.010190947288768204, -0.0, -0.0]	[0.0, -0.0013737963073462175, -0.0012018650369340139]	[0.00024014268710732223, -0.006673157670482306, -0.005838008769723309]	[-0.005338094323614429, -0.00010881544141103763, -9.519713643946258e-5]
[-0.016177869978948486, -0.0, -0.0]	[0.0, -0.002068874967592224, -0.0015002461335523695]	[0.0018303550459187858, -0.011656893650714291, -0.008453004605236354]	[-0.0075267787303738235, -0.0007745539130130029, -0.0005616683131789193]
[-0.014957236518410782, -0.0, -0.0]	[0.0, -0.001891807422891447, -0.0013365098836765823]	[0.0017009793087362265, -0.010918494536304368, -0.0077136159241494254]	[-0.006835275524309012, -0.0007103309134873225, -0.0005018292428020021]
[-0.013890170121155372, -0.0, -0.0]	[0.0, -0.0016196835997932596, -0.0008163302300131032]	[0.0033506431486488085, -0.011120759405124617, -0.005604929311048482]	[-0.00528147708460162, -0.0012689484052658866, -0.0006395575924073592]
[-0.014065770539806914, -0.0, -0.0]	[0.0, -0.0011505401758838609, -0.00040594526777762413]	[0.001447655791843983, -0.012764689189439415, -0.0045037672562146065]	[-0.0037227674228313386, -0.0003754617634734527, -0.00013247423193753398]
[-0.015683264383562687, -0.0, -0.0]	[0.0, -0.0015830058256810391, -0.0007793946118715427]	[-0.0005432681331556802, -0.013307050173258844, -0.006551740389508819]	[-0.0053611156284242255, 0.00017616629505104946, 8.673566384197607e-5]
[-0.027292745547531205, -0.0, -0.0]	[0.0, -0.0027868239979067424, -0.0013645032499666817]	[-0.0023336818708805974, -0.023075987648695593, -0.011298618128194339]	[-0.00939088094380819, 0.0007660534862884527, 0.0003750801889441313]
[-0.01635355669774786, -0.0, -0.0]	[0.0, -0.001424184644796272, -0.0005248215368754477]	[-0.002232688668314276, -0.014631342210387354, -0.005391747154038829]	[-0.004601781808525282, 0.0006182572861163527, 0.00022783193195461212]
[-0.01170197491276661, -0.0, -0.0]	[0.0, -0.0012105721728983905, -0.0004000650228879647]	[-0.003442712194123837, -0.010032310371722539, -0.0033154375826043568]	[-0.003691034549611589, 0.0011419113261214309, 0.00037737426239281406]
[-0.014977860680275443, -0.0, -0.0]	[0.0, -0.0011413615328314305, -0.00013693053716387464]	[-0.004195370890943691, -0.01388403896997091, -0.0016656851133277758]	[-0.003388518296250381, 0.0010093878845467148, 0.00012109749738525842]
[-0.01783730103863725, -0.0, -0.0]	[0.0, -0.0014993888100361032, -0.000124090687389856]	[-0.005695107725510554, -0.01627384087070444, -0.0013468368488559158]	[-0.004362547043062709, 0.0015163082716416697, 0.0001254909563573498]
[-0.011999758940482205, -0.0, -0.0]	[0.0, -0.001396826979050494, -0.00017522197389298962]	[-0.005045560053010677, -0.010034375720696688, -0.0012587408082277637]	[-0.003822150301281656, 0.0018921082309480734, 0.00023735147159833697]
[-0.014925387744906893, -0.0, -0.0]	[0.0, -0.002044784553623371, -0.0007022012372737808]	[-0.0064656531847597665, -0.011340661816975222, -0.003894506511833867]	[-0.005694711040385686, 0.002904227873837211, 0.0009973434133780726]
[-0.010849658802816155, -0.0, -0.0]	[0.0, -0.001759421329671731, -0.0005829208711616815]	[-0.00555333817148486, -0.007386520934442461, -0.0024472575984756054]	[-0.004440513450341419, 0.003008256116773821, 0.0009966772862725444]
[-0.0093747768929034, -0.0, -0.0]	[0.0, -0.0016917738056527792, -0.0006740957685473715]	[-0.005097978333377987, -0.0056893012387166635, -0.0022669306488821168]	[-0.004045501066556941, 0.0031283510405545278, 0.001246507181942612]
[-0.008023146167647271, -0.0, -0.0]	[0.0, -0.0016703220924509218, -0.00024644601659462806]	[-0.0048749177619955165, -0.004459308452650572, -0.0006579442431429008]	[-0.0032656878933545338, 0.003493989811949854, 0.0005155172616520702]
[-0.009256368665329175, -0.0, -0.0]	[0.0, -0.0021671168981658717, -0.00044134733538779065]	[-0.005788407781649636, -0.004339341273178802, -0.0008837348413814731]	[-0.003718677519646169, 0.004762934229099017, 0.0009700022792583364]
[-0.006362016086440559, -0.0, -0.0]	[0.0, -0.001469897733917355, -0.0006338789628492517]	[-0.0038746597606936013, -0.0027489422386067887, -0.0011854543448384844]	[-0.0026694082010342204, 0.003172560725299772, 0.001368135657145219]
[-0.007792561030595985, -0.0, -0.0]	[0.0, -0.0018952769166723424, -0.001297325237902524]	[-0.004658402963294822, -0.002499400051530033, -0.0017108501337935907]	[-0.003230595016100219, 0.004100116475430855, 0.002806547441761504]
[-0.010246425969638434, -0.0, -0.0]	[0.0, -0.0021522514098843604, -0.0023221312360085914]	[-0.005649077230548241, -0.0029629173340678223, -0.003196784009317884]	[-0.004890965763954974, 0.004309002692568954, 0.004649117525260266]
[-0.01611145505217376, -0.0, -0.0]	[0.0, -0.0029911347701274686, -0.002169017813959848]	[-0.008274602368666957, -0.008015746763528293, -0.0058126092130388815]	[-0.00792702403660772, 0.005362954323839889, 0.0038889399367872646]
[-0.010780473433849622, -0.0, -0.0]	[0.0, -0.0020408009646471045, -0.0010451509639243777]	[-0.005899554639516881, -0.005916131648248569, -0.0030298156468873084]	[-0.004875160523113412, 0.0038513799749049717, 0.0019723988585565117]
[-0.007690826090978164, -0.0, -0.0]	[0.0, -0.0011092526073918022, -0.0013770725801726742]	[0.0009615081635744806, -0.003812554263879512, -0.0047330643193651415]	[-0.004880316471501412, -0.00048433948382024247, -0.0006012792922182962]
[-0.0102143452509404, -0.0, -0.0]	[0.0, -0.0014584310856799168, -0.001331467189870264]	[0.002114382366274591, -0.006228673951616706, -0.0056864359820682974]	[-0.005540812957935794, -0.0010258597790476632, -0.0009365534310267006]
[-0.01240608246748076, -0.0, -0.0]	[0.0, -0.0018885624599621726, -0.0017430270283821333]	[0.0039028388092610363, -0.007023370276966414, -0.006482138919214445]	[-0.006799183938112184, -0.002040300449678621, -0.0018830718629667604]
[-0.005745042020596518, -0.0, -0.0]	[0.0, -0.00086794013495994, -0.0011379023336929952]	[0.001554649966462931, -0.002523269770605342, -0.0033081020739308587]	[-0.0036672270315505203, -0.0008310482820219387, -0.0010895357196126956]
[-0.006774272951559417, -0.0, -0.0]	[0.0, -0.000977193884566099, -0.0014612968712212162]	[0.0012031865940715428, -0.00277792512282014, -0.004154112458722924]	[-0.004617770234017885, -0.0006180250935490621, -0.0009241954435075625]
[-0.0077448058011864735, -0.0, -0.0]	[0.0, -0.0010303746826280746, -0.0021194098987018647]	[0.0011952028410934469, -0.002318098639229505, -0.004768169564899664]	[-0.005852956346584007, -0.0005769033671800077, -0.0011866505724666473]
[-0.00733110565773924, -0.0, -0.0]	[0.0, -0.0009712448563776686, -0.00193556349664741]	[0.00019166621401340523, -0.0023402798210918033, -0.0046638704585164155]	[-0.0055792027511398406, -9.190946277699703e-5, -0.00018316349371579508]
[-0.0033913844344596084, -0.0, -0.0]	[0.0, -0.00040555469415210415, -0.0010595192112227499]	[6.5334417173978925e-6, -0.0008121408684221105, -0.0021217331835139087]	[-0.0027617229575746197, -2.8391761160479506e-6, -7.417400617903777e-6]
[-0.0019644951599745958, -0.0, -0.0]	[0.0, -0.00019725442424072662, -0.0007332420991246292]	[0.00012552803626220848, -0.0003207958381373441, -0.0011924752240751284]	[-0.0016927846551496244, -4.4702084865866504e-5, -0.00016616839226021166]
[-0.0031517868212531846, -0.0, -0.0]	[-0.0, -0.00046930087668401523, 0.0008439222930900698]	[-0.001097266662930198, -0.0009290493018278182, 0.001670666849659789]	[-0.0021258024680879425, 0.0005930268675746087, -0.0010664130812705797]
[-0.0064553667372137585, -0.0, -0.0]	[-0.0, -0.0009739807871936146, 0.0017292457408995773]	[-0.0023469302306467705, -0.0018880319734122433, 0.0033520899915414166]	[-0.0042941148329944286, 0.0012855443714452467, -0.0022824086042440694]
[-0.009338448383676153, -0.0, -0.0]	[-0.0, -0.0015504858861770292, 0.0021057352657083295]	[-0.0038983169017370823, -0.0033258780482820177, 0.0045169187015179375]	[-0.005652567440894416, 0.002329244151490225, -0.0031633771038905366]
[-0.0073656153270708615, -0.0, -0.0]	[-0.0, -0.0012951080290641212, 0.0017303996600993433]	[-0.003445171440547896, -0.0023845794764230724, 0.003186047358894153]	[-0.0042242347771066615, 0.002191263280432421, -0.0029277567203320164]
[-0.010968544716760288, -0.0, -0.0]	[-0.0, -0.002187378164281647, 0.002049091773621748]	[-0.005869065477338988, -0.004095237749161, 0.0038363361762765377]	[-0.0055007307586740235, 0.004198722904749208, -0.00393327898409569]
[-0.01844446679000036, -0.0, -0.0]	[-0.0, -0.003511311683395263, 0.002246250736565221]	[-0.009861230687364187, -0.009363427254872873, 0.005989956820835561]	[-0.008748539280889273, 0.006538030929670562, -0.0041824987684539626]
[-0.014366027953582303, -0.0, -0.0]	[-0.0, -0.002788451243856683, 0.0014261902903338745]	[-0.00799843797779581, -0.007645590188480987, 0.003910438281718779]	[-0.006482216806492875, 0.005375240289940572, -0.002749237780869981]
[-0.011134571509297326, -0.0, -0.0]	[-0.0, -0.0018902332531634102, 0.0006008460065847973]	[-0.0059252767252538875, -0.007325422081654563, 0.002328522470411609]	[-0.004599060008561751, 0.003378638759991594, -0.0010739635456291825]
[-0.0121257002454513, -0.0, -0.0]	[-0.0, -0.0016829860659363775, 0.0005435773647237914]	[-0.00540041692467881, -0.009177690958779225, 0.0029642462089232587]	[-0.004615262169082794, 0.002459211352923495, -0.0007942856174374988]
[-0.01150791159234354, -0.0, -0.0]	[-0.0, -0.0014108878384093667, 0.00016771704026835276]	[-0.005065386736450794, -0.009436735262663509, 0.0011217768450213985]	[-0.0037938167233895637, 0.0020080437659344315, -0.0002387029981997213]
[-0.017130418407955386, -0.0, -0.0]	[-0.0, -0.0014445692372882096, 0.00012820731679440568]	[-0.005465780917137479, -0.01561817641873775, 0.0013861325855359678]	[-0.0042050217111149965, 0.001460100323128244, -0.0001295857199827446]
[-0.017087954976679948, -0.0, -0.0]	[-0.0, -0.0013424748642695645, 0.000166333684926843]	[-0.004923174039489364, -0.015762858837425946, 0.0019530305298023388]	[-0.0039738262297587005, 0.0012223700516247108, -0.00015145260476931148]
[-0.010432732905183024, -0.0, -0.0]	[-0.0, -0.0010946766541937388, 0.0003307418205311437]	[-0.003325881197528803, -0.008927252005335189, 0.0026972490637059863]	[-0.003278706754860358, 0.0011193160564293672, -0.0003381862843561378]
[-0.014702303012798602, -0.0, -0.0]	[-0.0, -0.0019903694169246533, 0.0007105979836747751]	[-0.0062185570390899236, -0.011218827071687221, 0.0040053247545647494]	[-0.005610035926523441, 0.002758074013641388, -0.0009846824495261812]
[-0.016198383647323754, -0.0, -0.0]	[-0.0, -0.0023716104704871997, 0.0013378558048203722]	[-0.006400681420737528, -0.011165964969949926, 0.006298863678232806]	[-0.007184232594208817, 0.003124074416923489, -0.0017623303427705401]
[-0.019631940882559606, -0.0, -0.0]	[-0.0, -0.0032214898927568182, 0.002320212034028653]	[-0.0085597076526211, -0.011419174754152108, 0.008224426450267908]	[-0.009736300262023543, 0.004805487480773427, -0.0034610538146754963]
[-0.015863315517148407, -0.0, -0.0]	[-0.0, -0.0025716598129808025, 0.002473471150368198]	[-0.006122342746007455, -0.00810467204133287, 0.0077952271821662734]	[-0.008802055709079456, 0.003453933585489079, -0.003322058787041753]
[-0.011138099016653937, -0.0, -0.0]	[-0.0, -0.0017311236113649521, 0.0017708758741156643]	[-0.0036342138678742276, -0.005778962775313591, 0.005911666670727342]	[-0.0063844511303461195, 0.001961924066994977, -0.0020069762634390173]
[-0.0071552683634828074, -0.0, -0.0]	[-0.0, -0.00108159465804315, 0.0014029902137653613]	[-0.0019351910377770592, -0.0031739608233528572, 0.004117102410708331]	[-0.004549536070689463, 0.0010340317971994264, -0.0013412940618787032]
[-0.004050098818566385, -0.0, -0.0]	[-0.0, -0.0006027370830886333, 0.0009203881808855363]	[-0.0011185774782950777, -0.0015291136354535415, 0.0023349784786601503]	[-0.0027177037942362524, 0.0005966958881835463, -0.0009111631895168694]
[-0.0036093560336130674, -0.0, -0.0]	[-0.0, -0.00048539043394545746, 0.0010029592116732047]	[-0.0007472238779196583, -0.001045930927898117, 0.0021612005213666745]	[-0.002691512796422386, 0.0003648959344413223, -0.000753982182498368]
[-0.002784735753020304, -0.0, -0.0]	[-0.0, -0.0003505110263819922, 0.0008963020354526835]	[-0.0007303931201255668, -0.0006141785101263238, 0.001570533898575815]	[-0.002113274187667771, 0.00033335679755916545, -0.0008524364533361186]
[-0.0038954495220610915, -0.0, -0.0]	[-0.0, -0.0003978845794105732, 0.001524892913175919]	[-0.0010004894036181485, -0.0005590779439850658, 0.0021426665892876153]	[-0.0031242649916599454, 0.0003563844271332905, -0.0013658435521851063]
[-0.003192853728922166, -0.0, -0.0]	[-0.0, -0.0003093110376421028, 0.0013329942257905062]	[-0.0009709511197304963, -0.00038734723684852193, 0.0016692958454732664]	[-0.0024895412424558536, 0.0003188411422529432, -0.0013740647757271324]
[-0.003782272443330149, -0.0, -0.0]	[-0.0, -0.0004807691263296978, 0.0013459581175928803]	[-0.0014057905714264017, -0.0006575725946957223, 0.0018409359571279287]	[-0.0026370934930430323, 0.0006379138439706674, -0.0017858994465222602]
[-0.0038673644431441575, -0.0, -0.0]	[-0.0, -0.0004909804424561592, 0.001454002960141659]	[-0.0015868772119506265, -0.0005864560795605573, 0.0017367471327541988]	[-0.00255646604451127, 0.0007080288593861256, -0.0020967761002111066]
[-0.004339774417520032, -0.0, -0.0]	[-0.0, -0.0006704092211658932, 0.0014300219002248986]	[-0.001993600703364954, -0.0008357125897318584, 0.00178262360940065]	[-0.002579604962195775, 0.001108782479614147, -0.0023650975827516907]
[-0.004692407928794424, -0.0, -0.0]	[-0.0, -0.0007650935402443889, 0.0016662349579593058]	[-0.0023576551884139808, -0.0007433019706085464, 0.0016187768718480997]	[-0.0024596878002311985, 0.0013585142429289097, -0.0029585976137384744]
[-0.008735307186245987, -0.0, -0.0]	[-0.0, -0.0019435728290529404, 0.0020773307190482815]	[-0.00494378087878076, -0.0022339184492656413, 0.002387658105289253]	[-0.0038720082875906437, 0.003999743800916571, -0.00427500865507346]
[-0.010018386933019258, -0.0, -0.0]	[-0.0, -0.0023536988436117802, 0.002306128560805817]	[-0.005788791386627227, -0.002501100751171728, 0.0024505513487354876]	[-0.00418732003707822, 0.004944697535266416, -0.004844760935144021]
[-0.00541144861612194, -0.0, -0.0]	[-0.0, -0.001335943061736956, 0.0017290508571659747]	[-0.0031263168298354673, -0.0007809703874260035, 0.0010107747526638623]	[-0.0018001481372316532, 0.002693812323451331, -0.0034864798061467737]
[-0.00457574253331564, -0.0, -0.0]	[-0.0, -0.0015802345467642643, 0.0009926614054880766]	[-0.002746216449782508, -0.0006416833867758353, 0.00040308847436574375]	[-0.001074047409631017, 0.0032959997404142433, -0.0020704595665924394]
[-0.002689375551471109, -0.0, -0.0]	[-0.0, -0.001095809900019569, 0.000824872577478362]	[-0.0016467552247125883, -0.00018553669832536447, 0.00013966303330690443]	[-0.0003518314928307226, 0.0019932700898253946, -0.0015004371073627258]
[-0.001713569994281387, -0.0, -0.0]	[0.0, -0.0007789383966455269, -0.00039526318115281315]	[-0.0010511932637939925, -0.00011843303369699557, -6.009745809713335e-5]	[-0.00020120213028728597, 0.0014201574429247253, 0.0007206422883319746]
[-0.0013898404567874872, -0.0, -0.0]	[0.0, -0.00047145523661341974, -0.0006056320769405777]	[-0.0008672787445902394, -6.880883941187499e-5, -8.83919343525186e-5]	[-0.0001697438982412663, 0.0008072905156404108, 0.0010370465607589243]
[-0.002597071547727248, -0.0, -0.0]	[0.0, -0.0006659110453828083, -0.0008506438348253894]	[-0.001510374128067654, -0.0003439759875560267, -0.00043939960925907633]	[-0.0007992941438445659, 0.0013335599563598925, 0.0017035076428195315]
[-0.0030414488785685543, -0.0, -0.0]	[0.0, -0.000874728392965985, -0.0007534512819918859]	[-0.0018061502546359643, -0.0005222562997899366, -0.0004498478405060392]	[-0.0009329056173828543, 0.0018521526793589134, 0.0015953601391351495]
[-0.005439057344841085, -0.0, -0.0]	[0.0, -0.0014849409576289877, -0.0008742925852240818]	[-0.0033201848901299948, -0.0014849335404946956, -0.0008742882182184564]	[-0.001984563322506914, 0.0032950684746014813, 0.0019400461145267173]
[-0.004686581690084516, -0.0, -0.0]	[0.0, -0.0013713596145841955, -0.0003351651151405828]	[-0.002957368134488216, -0.0014342699838020357, -0.0003505406307370714]	[-0.0016124502194456581, 0.0031373596296488276, 0.000766781732760518]
[-0.00806707455461249, -0.0, -0.0]	[0.0, -0.0021097738325046985, -0.00022431473592382186]	[-0.005142129594902641, -0.0032309704083414285, -0.0003435222594757328]	[-0.0030490150655432162, 0.004798303920031701, 0.0005101638195153572]
[-0.006609460885487902, -0.0, -0.0]	[-0.0, -0.0017340879057842588, 9.63400396474884e-5]	[-0.004219680844396228, -0.0026513664336978763, 0.00014730092199504225]	[-0.0024893218715601345, 0.003949594451426337, -0.0002194260652950155]
[-0.004127976050341081, -0.0, -0.0]	[-0.0, -0.0010051164774555759, 0.00013847113681095125]	[-0.002609719063565523, -0.001852416039881677, 0.0002552004276545086]	[-0.0016227408798138053, 0.002243566451676678, -0.00030908775653646844]
[-0.003905893653847203, -0.0, -0.0]	[-0.0, -0.0009417936257322074, 0.0004305923955942518]	[-0.002394327719456457, -0.0015419903288449415, 0.0007050051004160294]	[-0.0016058043592120208, 0.0020623165206775412, -0.0009429006385785909]
[-0.005806167856165362, -0.0, -0.0]	[-0.0, -0.0012069378024085837, 0.0005397419206395579]	[-0.0033965144292320585, -0.00291715705272886, 0.0013045510276544383]	[-0.0025373678786024937, 0.0024619567742757108, -0.0011009857137851897]
[-0.006095537213525066, -0.0, -0.0]	[-0.0, -0.0013026700773142769, 0.0001876810345755109]	[-0.0037372917232605892, -0.0032837695496738197, 0.00047310618177472396]	[-0.002476304939969669, 0.0027609970086267155, -0.00039778819216244036]
[-0.011347387822349581, -0.0, -0.0]	[-0.0, -0.002232404959011611, 0.00017391686173130768]	[-0.006776121523934553, -0.006776039946106365, 0.00052789149998778]	[-0.0045712931737170335, 0.0045437707753180085, -0.0003539852169203269]
[-0.009841177295190547, -0.0, -0.0]	[0.0, -0.001936398787861559, -0.0001370715956342672]	[-0.005878922868782747, -0.0058788487763189266, -0.0004161452626979263]	[-0.003962278830349985, 0.0039425734000335805, 0.00027908240298199233]
[-0.007403783901223754, -0.0, -0.0]	[0.0, -0.0011938186806176102, -0.00014042857421301728]	[-0.003976211549312556, -0.005235221921993479, -0.0006158177637276884]	[-0.0028410205155606195, 0.002128338614451179, 0.0002503559057354216]
[-0.011702847156254255, -0.0, -0.0]	[0.0, -0.0016184930657509686, -6.668122037974477e-5]	[-0.005724292657392047, -0.009110754557812227, -0.00037535918154419674]	[-0.004120212461327732, 0.002584345327996367, 0.00010647391947492279]
[-0.012130937574066514, -0.0, -0.0]	[-0.0, -0.0016782708514908643, 8.107968125847436e-5]	[-0.005931665722247663, -0.009440849882699642, 0.0004561010510421529]	[-0.004273925970714586, 0.0026790456363078017, -0.0001294285520574839]
[-0.009659099827064498, -0.0, -0.0]	[-0.0, -0.0016761645828220222, 0.0002404768931982803]	[-0.005399169220111551, -0.00644051479938835, 0.0009240112847074216]	[-0.003823087445369226, 0.003140307406897611, -0.00045053533324684907]
[-0.006533163173009532, -0.0, -0.0]	[-0.0, -0.001671736850757569, 0.0009674125813131597]	[-0.003981130925691664, -0.0020818638111903395, 0.0012047477703284579]	[-0.002574107510311827, 0.003687559158251626, -0.0021339429841560164]
[-0.005047424440989296, -0.0, -0.0]	[-0.0, -0.0015013145201854023, 0.0004068087595704313]	[-0.0031737131807666264, -0.0014684622726075368, 0.0003979068393488099]	[-0.0017023585647567825, 0.0034275569321527708, -0.000928759540508479]
[-0.005725403320417593, -0.0, -0.0]	[-0.0, -0.0019471220782914832, 0.00042076283490301964]	[-0.003546640934872275, -0.0012410393759274235, 0.00026818207849591566]	[-0.00160081671343679, 0.0043707132886308285, -0.0009444881419485936]
[-0.0038574279042506623, -0.0, -0.0]	[0.0, -0.0013375747968353408, -9.143541605793796e-5]	[-0.0023961127095588762, -0.000838450291784937, -5.731571158087e-5]	[-0.0010585664282481474, 0.003011087127285397, 0.00020583522126870203]
[-0.0022379960468319167, -0.0, -0.0]	[0.0, -0.0008162541160969149, -0.00025388853722614364]	[-0.0013632843922573045, -0.0003777139577408388, -0.00011748454596378779]	[-0.0005377764868699214, 0.0017697787159080798, 0.0005504738298220305]
[-0.007326844423318759, -0.0, -0.0]	[-0.0, -0.0012135639973830563, 4.166348673515072e-5]	[0.004025702189225624, -0.00510447342000604, 0.00017524428961550897]	[-0.002816894327021291, -0.0022189610106652137, 7.618028619259166e-5]
[-0.007254045375696268, -0.0, -0.0]	[-0.0, -0.0012015934468908014, 0.00020076636213165573]	[0.003931532689883912, -0.005003978839089166, 0.0008360819795641054]	[-0.0028400313745957904, -0.002170758792570117, 0.00036269783842222795]
[-0.006369170323554548, -0.0, -0.0]	[-0.0, -0.001121994890055035, 0.0002488536208720533]	[0.0035480695309592675, -0.004143902046233404, 0.0009190995769095804]	[-0.002577058976547519, -0.002103059113030939, 0.00046644942844619125]
[-0.008523007239803267, -0.0, -0.0]	[-0.0, -0.001521881819112877, 0.0005729565155397634]	[0.0046267443618508335, -0.005265890658958754, 0.0019824971461510172]	[-0.003640910244522632, -0.0028018687299820573, 0.0010548446826614424]
[-0.007399126021329564, -0.0, -0.0]	[-0.0, -0.0015383818126722465, 0.0007625766386378412]	[0.00429577580543866, -0.0036202424230598112, 0.0017945559907755076]	[-0.0032797479061703982, -0.0031240957302196763, 0.0015486158254792875]
[-0.0055797768472329624, -0.0, -0.0]	[-0.0, -0.0012365041436465112, 0.00033610784584345776]	[0.003421215762503988, -0.002770666989619688, 0.0007531255905737366]	[-0.002302375232152687, -0.0026473647578033823, 0.0007196094493327924]
[-0.005313624396735677, -0.0, -0.0]	[-0.0, -0.0011081108454600245, 0.00019167996254641615]	[0.003224133590762829, -0.0029334331921899836, 0.0005074224900108825]	[-0.002171021308264884, -0.0023168434106485966, 0.0004007653746901756]
[-0.006274156800291634, -0.0, -0.0]	[-0.0, -0.0013153327185739005, 5.0715583037956766e-5]	[0.0038405645485100896, -0.0034998569374290987, 0.00013494478060547234]	[-0.002528501911082341, -0.002770530235202837, 0.00010682396493180903]
[-0.006371552791729438, -0.0, -0.0]	[0.0, -0.0012714791908144006, -1.1422415361469864e-5]	[0.0038331154805834166, -0.003759682851913454, -3.377535351911217e-5]	[-0.0025618371555936334, -0.0026116631662141863, -2.3462044588903137e-5]
[-0.006878870424026768, -0.0, -0.0]	[0.0, -0.0013612086193715, -0.00024104176927156542]	[0.004087776515075793, -0.0040286422487342405, -0.0007133888528015961]	[-0.0028102237618594992, -0.0027647782247814663, -0.0004895847891798733]
[-0.005935004620862132, -0.0, -0.0]	[0.0, -0.0011393386101878696, -0.00022670205132073394]	[0.0034710849299200135, -0.003574068886287229, -0.0007111571053923302]	[-0.002428199794445603, -0.002268422222279881, -0.0004513635950313221]
[-0.006437199187671325, -0.0, -0.0]	[0.0, -0.0010114147093953118, -0.00012899560883830377]	[0.003396091579829868, -0.004629942130083177, -0.0005905017975398655]	[-0.0024471022580545465, -0.0017662345785230884, -0.0002252651683739757]
[-0.007359725845398758, -0.0, -0.0]	[0.0, -0.001149181807051243, -1.027803323905488e-5]	[0.0039064770025986455, -0.0053436875002338905, -4.7792783882869937e-5]	[-0.002757651864921581, -0.002015806863290732, -1.8028940083536526e-5]
[-0.008056654694025202, -0.0, -0.0]	[-0.0, -0.0010001289972694947, 2.5596918627361283e-5]	[0.0036442203802442836, -0.006591218251347871, 0.00016869311628354684]	[-0.0026485332531238025, -0.0014633896730929469, 3.74534349914339e-5]
[-0.006959887429559515, -0.0, -0.0]	[-0.0, -0.0008649446962203199, 0.00010380045159795216]	[0.0030964772640028468, -0.005675378245333542, 0.0006810918980474989]	[-0.0023158454956332237, -0.0012455827450706552, 0.0001494801367138709]
[-0.007824866379053974, -0.0, -0.0]	[-0.0, -0.0007708218558533342, 0.0001257300230027266]	[0.0027516663577069377, -0.006878494354404044, 0.0011219625479429833]	[-0.0022195513649037875, -0.0008648963025011104, 0.0001410746610032924]
[-0.0106216698692804, -0.0, -0.0]	[-0.0, -0.0011501043895348363, 0.00032792602205805013]	[0.0036399944336651347, -0.00901000806147251, 0.0025689981963329853]	[-0.003389213867764871, -0.0012662787305179521, 0.000361050484368134]
[-0.009719980463305217, -0.0, -0.0]	[-0.0, -0.001351525035442523, 0.0004774270300908275]	[0.004251478347256408, -0.0073105822618557805, 0.0025824675725445866]	[-0.003755421855740762, -0.001941676326961, 0.0006858983280876711]
[-0.015539553784843056, -0.0, -0.0]	[-0.0, -0.002380770457217878, 0.0011161399826845394]	[0.007056534106181867, -0.010658180295743844, 0.004996710680223113]	[-0.0066454941075924255, -0.003607045399135028, 0.0016910355961143708]
[-0.023356300298235533, -0.0, -0.0]	[-0.0, -0.0036179113752640396, 0.0021083508592340833]	[0.01000972876875476, -0.015281317788584983, 0.00890524287302115]	[-0.01066007890162383, -0.005212501759491417, 0.003037604137713532]
[-0.01606083398373641, -0.0, -0.0]	[-0.0, -0.002666655582698731, 0.0019275400760831846]	[0.00713483145633684, -0.009208025219373554, 0.006655841776899009]	[-0.007979564792717162, -0.004061100081818611, 0.0029354871365757625]
[-0.0034762931357791944, -0.0, -0.0]	[0.0, -0.00041785594310065184, -0.0013348857313581278]	[0.0013555848598974037, -0.0005067323542357113, -0.0016188109812855461]	[-0.0023856625498036538, -0.0005695412519636384, -0.0018194607572757993]
[-0.0015976738125779255, -0.0, -0.0]	[0.0, -7.644841370920385e-5, -0.0009006234418860121]	[0.000582059691388562, -7.00461286351521e-5, -0.000825199404426439]	[-0.0012528211831847526, -7.447404578328763e-5, -0.0008773638090079274]
[-0.0010014432750024371, -0.0, -0.0]	[0.0, -6.242097824322006e-6, -0.0006695024369088061]	[0.0004380901408469607, -4.807540508770504e-6, -0.0005156375591581269]	[-0.0007595556136980021, -6.0161571404942065e-6, -0.0006452689431897318]
[-0.0016039141312387147, -0.0, -0.0]	[0.0, -6.781914098423566e-5, -0.0009220188219458501]	[0.0005465105949669292, -6.336514439869655e-5, -0.0008614655824746485]	[-0.0013043740455134817, -6.0538541195707297e-5, -0.0008230371783765441]
[-0.006710550036546136, -0.0, -0.0]	[0.0, -0.0011365932700841375, -0.0014199465957263596]	[-0.0028809515808087007, -0.002544171066657611, -0.0031784343090281975]	[-0.0039541438101269545, 0.0017485361413023665, 0.002184447160383948]
[-0.005921935718849033, -0.0, -0.0]	[0.0, -0.0009012361202596702, -0.00137701856273276]	[-0.001903891717650961, -0.0021406656609854525, -0.0032707703181406446]	[-0.0039056363067242134, 0.0010417140120868528, 0.001591657834673902]
[-0.010804796641768196, -0.0, -0.0]	[0.0, -0.0016393827965353216, -0.0019656421234901748]	[-0.002956484875914325, -0.005130413885642185, -0.0061514355682333165]	[-0.0066596437384954885, 0.0015743665877478667, 0.0018876868106905383]
[-0.0072693067324094305, -0.0, -0.0]	[0.0, -0.0011275806017431982, -0.001094288813715274]	[-0.0024065584917764135, -0.003910752552483143, -0.003795287684778206]	[-0.004072748346700069, 0.0012906672592620666, 0.0012525603418997895]
[-0.006100744769231949, -0.0, -0.0]	[0.0, -0.0010492699564762437, -0.0011551637493154375]	[-0.002677945325243747, -0.0025642256223047427, -0.0028230108616660097]	[-0.003466198310561493, 0.0016364708386462567, 0.001801625766513394]
[-0.012683360431378694, -0.0, -0.0]	[0.0, -0.002320073963553227, -0.0017261489979646196]	[-0.006387993752040105, -0.006361384981472976, -0.004732908727883682]	[-0.006304986906699713, 0.004075427450301451, 0.0030321425610248484]
[-0.0073405759846442474, -0.0, -0.0]	[-0.0, -0.0010226115664233632, 0.00019755062047455827]	[0.003494479150643239, -0.005641189557206464, 0.0010897788894941598]	[-0.002667367571691433, -0.001592876483062198, 0.00030771580128792904]
