0.07647058823529412	0.07647058823529412	0.07647058823529412	0.07647058823529412	0.07647058823529412	0.07647058823529412	0.07647058823529412	0.07647058823529412	0.07647058823529412	0.07647058823529412	0.07647058823529412	0.07647058823529412	0.07647058823529412	0.07647058823529412	0.07647058823529412	0.07647058823529412	0.07647058823529412	0.07647058823529412	0.07647058823529412	0.07647058823529412	0.07647058823529412	0.07647058823529412	0.07647058823529412	0.07647058823529412	0.07647058823529412
0.23333333333333334	0.515686274509804	0.515686274509804	0.515686274509804	0.515686274509804	0.515686274509804	0.3588235294117647	0.515686274509804	0.515686274509804	0.515686274509804	0.515686274509804	0.515686274509804	0.23333333333333334	0.4843137254901961	0.4843137254901961	0.4843137254901961	0.4843137254901961	0.4843137254901961	0.32745098039215687	0.4843137254901961	0.4843137254901961	0.4843137254901961	0.4843137254901961	0.4843137254901961	0.23333333333333334
0.23333333333333334	0.515686274509804	0.515686274509804	0.515686274509804	0.515686274509804	0.515686274509804	0.3588235294117647	0.515686274509804	0.515686274509804	0.515686274509804	0.515686274509804	0.515686274509804	0.23333333333333334	0.4843137254901961	0.4843137254901961	0.4843137254901961	0.4843137254901961	0.4843137254901961	0.32745098039215687	0.4843137254901961	0.4843137254901961	0.4843137254901961	0.4843137254901961	0.4843137254901961	0.23333333333333334
0.23333333333333334	0.515686274509804	0.515686274509804	0.515686274509804	0.515686274509804	0.515686274509804	0.3588235294117647	0.515686274509804	0.515686274509804	0.515686274509804	0.515686274509804	0.515686274509804	0.23333333333333334	0.4843137254901961	0.4843137254901961	0.4843137254901961	0.4843137254901961	0.4843137254901961	0.32745098039215687	0.4843137254901961	0.4843137254901961	0.4843137254901961	0.4843137254901961	0.4843137254901961	0.23333333333333334
0.23333333333333334	0.515686274509804	0.515686274509804	0.515686274509804	0.515686274509804	0.515686274509804	0.3588235294117647	0.515686274509804	0.515686274509804	0.515686274509804	0.515686274509804	0.515686274509804	0.23333333333333334	0.4843137254901961	0.4843137254901961	0.4843137254901961	0.4843137254901961	0.4843137254901961	0.32745098039215687	0.4843137254901961	0.4843137254901961	0.4843137254901961	0.4843137254901961	0.4843137254901961	0.23333333333333334
0.23333333333333334	0.515686274509804	0.515686274509804	0.515686274509804	0.515686274509804	0.515686274509804	0.3588235294117647	0.515686274509804	0.515686274509804	0.515686274509804	0.515686274509804	0.515686274509804	0.23333333333333334	0.4843137254901961	0.4843137254901961	0.4843137254901961	0.4843137254901961	0.4843137254901961	0.32745098039215687	0.4843137254901961	0.4843137254901961	0.4843137254901961	0.4843137254901961	0.4843137254901961	0.23333333333333334
0.1568627450980392	0.4392156862745098	0.4392156862745098	0.4392156862745098	0.4392156862745098	0.4392156862745098	0.2823529411764706	0.4392156862745098	0.4392156862745098	0.4392156862745098	0.4392156862745098	0.4392156862745098	0.1568627450980392	0.40784313725490196	0.40784313725490196	0.40784313725490196	0.40784313725490196	0.40784313725490196	0.25098039215686274	0.40784313725490196	0.40784313725490196	0.40784313725490196	0.40784313725490196	0.40784313725490196	0.1568627450980392
0.23333333333333334	0.515686274509804	0.515686274509804	0.515686274509804	0.515686274509804	0.515686274509804	0.3588235294117647	0.515686274509804	0.515686274509804	0.515686274509804	0.515686274509804	0.515686274509804	0.23333333333333334	0.4843137254901961	0.4843137254901961	0.4843137254901961	0.4843137254901961	0.4843137254901961	0.32745098039215687	0.4843137254901961	0.4843137254901961	0.4843137254901961	0.4843137254901961	0.4843137254901961	0.23333333333333334
0.23333333333333334	0.515686274509804	0.515686274509804	0.515686274509804	0.515686274509804	0.515686274509804	0.3588235294117647	0.515686274509804	0.515686274509804	0.515686274509804	0.515686274509804	0.515686274509804	0.23333333333333334	0.4843137254901961	0.4843137254901961	0.4843137254901961	0.4843137254901961	0.4843137254901961	0.32745098039215687	0.4843137254901961	0.4843137254901961	0.4843137254901961	0.4843137254901961	0.4843137254901961	0.23333333333333334
0.23333333333333334	0.515686274509804	0.515686274509804	0.515686274509804	0.515686274509804	0.515686274509804	0.3588235294117647	0.515686274509804	0.515686274509804	0.515686274509804	0.515686274509804	0.515686274509804	0.23333333333333334	0.4843137254901961	0.4843137254901961	0.4843137254901961	0.4843137254901961	0.4843137254901961	0.32745098039215687	0.4843137254901961	0.4843137254901961	0.4843137254901961	0.4843137254901961	0.4843137254901961	0.23333333333333334
0.23333333333333334	0.515686274509804	0.515686274509804	0.515686274509804	0.515686274509804	0.515686274509804	0.3588235294117647	0.515686274509804	0.515686274509804	0.515686274509804	0.515686274509804	0.515686274509804	0.23333333333333334	0.4843137254901961	0.4843137254901961	0.4843137254901961	0.4843137254901961	0.4843137254901961	0.32745098039215687	0.4843137254901961	0.4843137254901961	0.4843137254901961	0.4843137254901961	0.4843137254901961	0.23333333333333334
0.23333333333333334	0.515686274509804	0.515686274509804	0.515686274509804	0.515686274509804	0.515686274509804	0.3588235294117647	0.515686274509804	0.515686274509804	0.515686274509804	0.515686274509804	0.515686274509804	0.23333333333333334	0.4843137254901961	0.4843137254901961	0.4843137254901961	0.4843137254901961	0.4843137254901961	0.32745098039215687	0.4843137254901961	0.4843137254901961	0.4843137254901961	0.4843137254901961	0.4843137254901961	0.23333333333333334
0.07647058823529412	0.07647058823529412	0.07647058823529412	0.07647058823529412	0.07647058823529412	0.07647058823529412	0.07647058823529412	0.07647058823529412	0.07647058823529412	0.07647058823529412	0.07647058823529412	0.07647058823529412	0.07647058823529412	0.07647058823529412	0.07647058823529412	0.07647058823529412	0.07647058823529412	0.07647058823529412	0.07647058823529412	0.07647058823529412	0.07647058823529412	0.07647058823529412	0.07647058823529412	0.07647058823529412	0.07647058823529412
